1.00231	6.54499e-16
1.00462	6.42553e-16
1.00693	6.30825e-16
1.00925	6.19311e-16
1.01158	6.08007e-16
1.01391	5.9691e-16
1.01625	5.86015e-16
1.01859	5.75319e-16
1.02094	5.64818e-16
1.02329	5.54509e-16
1.02565	5.44388e-16
1.02802	5.34452e-16
1.03039	5.24697e-16
1.03276	5.1512e-16
1.03514	5.05718e-16
1.03753	4.96488e-16
1.03992	4.87426e-16
1.04232	4.7853e-16
1.04472	4.69795e-16
1.04713	4.61221e-16
1.04954	4.52802e-16
1.05196	4.44538e-16
1.05439	4.36424e-16
1.05682	4.28459e-16
1.05925	4.20638e-16
1.0617	4.12961e-16
1.06414	4.05423e-16
1.0666	3.98024e-16
1.06905	3.90759e-16
1.07152	3.83627e-16
1.07399	3.76625e-16
1.07647	3.6975e-16
1.07895	3.63002e-16
1.08143	3.56376e-16
1.08393	3.49872e-16
1.08643	3.43486e-16
1.08893	3.37216e-16
1.09144	3.31062e-16
1.09396	3.25019e-16
1.09648	3.19087e-16
1.09901	3.13263e-16
1.10154	3.07545e-16
1.10408	3.01932e-16
1.10662	2.96421e-16
1.10917	2.91011e-16
1.11173	2.85699e-16
1.11429	2.80484e-16
1.11686	2.75365e-16
1.11944	2.70339e-16
1.12202	2.65405e-16
1.1246	2.60561e-16
1.1272	2.55805e-16
1.1298	2.51136e-16
1.1324	2.46552e-16
1.13501	2.42052e-16
1.13763	2.37634e-16
1.14025	2.33297e-16
1.14288	2.29039e-16
1.14551	2.24858e-16
1.14815	2.20754e-16
1.1508	2.16725e-16
1.15345	2.12769e-16
1.15611	2.08886e-16
1.15878	2.05073e-16
1.16145	2.0133e-16
1.16413	1.97655e-16
1.16681	1.94048e-16
1.1695	1.90506e-16
1.1722	1.87029e-16
1.1749	1.83615e-16
1.17761	1.80264e-16
1.18032	1.76974e-16
1.18304	1.73744e-16
1.18577	1.70572e-16
1.1885	1.67459e-16
1.19124	1.64403e-16
1.19399	1.61402e-16
1.19674	1.58456e-16
1.1995	1.55564e-16
1.20226	1.52725e-16
1.20504	1.49937e-16
1.20781	1.472e-16
1.2106	1.44514e-16
1.21339	1.41876e-16
1.21619	1.39286e-16
1.21899	1.36744e-16
1.2218	1.34248e-16
1.22462	1.31798e-16
1.22744	1.29392e-16
1.23027	1.27031e-16
1.2331	1.24712e-16
1.23595	1.22436e-16
1.2388	1.20201e-16
1.24165	1.18007e-16
1.24451	1.15853e-16
1.24738	1.13739e-16
1.25026	1.11663e-16
1.25314	1.09625e-16
1.25603	1.07624e-16
1.25893	1.0566e-16
1.26183	1.03731e-16
1.26474	1.01838e-16
1.26765	9.9979e-17
1.27057	9.81542e-17
1.2735	9.63627e-17
1.27644	9.46038e-17
1.27938	9.28771e-17
1.28233	9.11819e-17
1.28529	8.95177e-17
1.28825	8.78838e-17
1.29122	8.62797e-17
1.2942	8.4705e-17
1.29718	8.31589e-17
1.30017	8.16411e-17
1.30317	8.0151e-17
1.30617	7.86881e-17
1.30918	7.72518e-17
1.3122	7.58418e-17
1.31522	7.44576e-17
1.31826	7.30986e-17
1.3213	7.17644e-17
1.32434	7.04545e-17
1.32739	6.91686e-17
1.33045	6.79061e-17
1.33352	6.66667e-17
1.3366	6.54499e-17
1.33968	6.42553e-17
1.34276	6.30825e-17
1.34586	6.19311e-17
1.34896	6.08007e-17
1.35207	5.9691e-17
1.35519	5.86015e-17
1.35831	5.75319e-17
1.36144	5.64818e-17
1.36458	5.54509e-17
1.36773	5.44388e-17
1.37088	5.34452e-17
1.37404	5.24697e-17
1.37721	5.15121e-17
1.38038	5.05718e-17
1.38357	4.96488e-17
1.38676	4.87426e-17
1.38995	4.7853e-17
1.39316	4.69795e-17
1.39637	4.61221e-17
1.39959	4.52803e-17
1.40281	4.44538e-17
1.40605	4.36424e-17
1.40929	4.28459e-17
1.41254	4.20638e-17
1.41579	4.12961e-17
1.41906	4.05423e-17
1.42233	3.98024e-17
1.42561	3.90759e-17
1.42889	3.83627e-17
1.43219	3.76625e-17
1.43549	3.69751e-17
1.4388	3.63002e-17
1.44212	3.56376e-17
1.44544	3.49872e-17
1.44877	3.43486e-17
1.45211	3.37217e-17
1.45546	3.31062e-17
1.45881	3.25019e-17
1.46218	3.19087e-17
1.46555	3.13263e-17
1.46893	3.07545e-17
1.47231	3.01932e-17
1.47571	2.96421e-17
1.47911	2.91011e-17
1.48252	2.85699e-17
1.48594	2.80485e-17
1.48936	2.75365e-17
1.49279	2.70339e-17
1.49624	2.65405e-17
1.49968	2.60561e-17
1.50314	2.55805e-17
1.50661	2.51136e-17
1.51008	2.46552e-17
1.51356	2.42052e-17
1.51705	2.37634e-17
1.52055	2.33297e-17
1.52405	2.29039e-17
1.52757	2.24858e-17
1.53109	2.20754e-17
1.53462	2.16725e-17
1.53815	2.12769e-17
1.5417	2.08886e-17
1.54525	2.05073e-17
1.54882	2.0133e-17
1.55239	1.97656e-17
1.55597	1.94048e-17
1.55955	1.90506e-17
1.56315	1.87029e-17
1.56675	1.83615e-17
1.57036	1.80264e-17
1.57398	1.76974e-17
1.57761	1.73744e-17
1.58125	1.70573e-17
1.58489	1.67459e-17
1.58855	1.64403e-17
1.59221	1.61402e-17
1.59588	1.58456e-17
1.59956	1.55564e-17
1.60325	1.52725e-17
1.60694	1.49937e-17
1.61065	1.472e-17
1.61436	1.44514e-17
1.61808	1.41876e-17
1.62181	1.39287e-17
1.62555	1.36744e-17
1.6293	1.34248e-17
1.63305	1.31798e-17
1.63682	1.29393e-17
1.64059	1.27031e-17
1.64437	1.24712e-17
1.64816	1.22436e-17
1.65196	1.20201e-17
1.65577	1.18007e-17
1.65959	1.15854e-17
1.66341	1.13739e-17
1.66725	1.11663e-17
1.67109	1.09625e-17
1.67494	1.07624e-17
1.6788	1.0566e-17
1.68267	1.03731e-17
1.68655	1.01838e-17
1.69044	9.99791e-18
1.69434	9.81543e-18
1.69824	9.63628e-18
1.70216	9.4604e-18
1.70608	9.28773e-18
1.71002	9.11821e-18
1.71396	8.95178e-18
1.71791	8.78839e-18
1.72187	8.62799e-18
1.72584	8.47051e-18
1.72982	8.3159e-18
1.7338	8.16412e-18
1.7378	8.01511e-18
1.74181	7.86882e-18
1.74582	7.7252e-18
1.74985	7.5842e-18
1.75388	7.44577e-18
1.75792	7.30987e-18
1.76198	7.17645e-18
1.76604	7.04546e-18
1.77011	6.91687e-18
1.77419	6.79062e-18
1.77828	6.66668e-18
1.78238	6.545e-18
1.78649	6.42554e-18
1.79061	6.30826e-18
1.79473	6.19312e-18
1.79887	6.08009e-18
1.80302	5.96911e-18
1.80717	5.86017e-18
1.81134	5.75321e-18
1.81552	5.6482e-18
1.8197	5.54511e-18
1.8239	5.4439e-18
1.8281	5.34454e-18
1.83231	5.24699e-18
1.83654	5.15122e-18
1.84077	5.0572e-18
1.84502	4.9649e-18
1.84927	4.87428e-18
1.85353	4.78531e-18
1.8578	4.69797e-18
1.86209	4.61222e-18
1.86638	4.52804e-18
1.87068	4.44539e-18
1.87499	4.36426e-18
1.87932	4.2846e-18
1.88365	4.2064e-18
1.88799	4.12962e-18
1.89234	4.05425e-18
1.89671	3.98025e-18
1.90108	3.9076e-18
1.90546	3.83628e-18
1.90985	3.76626e-18
1.91426	3.69752e-18
1.91867	3.63003e-18
1.92309	3.56378e-18
1.92752	3.49873e-18
1.93197	3.43487e-18
1.93642	3.37218e-18
1.94089	3.31063e-18
1.94536	3.25021e-18
1.94984	3.19088e-18
1.95434	3.13264e-18
1.95884	3.07547e-18
1.96336	3.01933e-18
1.96789	2.96423e-18
1.97242	2.91012e-18
1.97697	2.85701e-18
1.98153	2.80486e-18
1.98609	2.75367e-18
1.99067	2.70341e-18
1.99526	2.65407e-18
1.99986	2.60562e-18
2.00447	2.55807e-18
2.00909	2.51138e-18
2.01372	2.46554e-18
2.01837	2.42054e-18
2.02302	2.37636e-18
2.02768	2.33299e-18
2.03236	2.29041e-18
2.03704	2.2486e-18
2.04174	2.20756e-18
2.04644	2.16727e-18
2.05116	2.12771e-18
2.05589	2.08888e-18
2.06063	2.05075e-18
2.06538	2.01332e-18
2.07014	1.97657e-18
2.07491	1.9405e-18
2.0797	1.90508e-18
2.08449	1.87031e-18
2.0893	1.83617e-18
2.09411	1.80266e-18
2.09894	1.76976e-18
2.10378	1.73746e-18
2.10863	1.70574e-18
2.11349	1.67461e-18
2.11836	1.64405e-18
2.12324	1.61404e-18
2.12814	1.58458e-18
2.13304	1.55566e-18
2.13796	1.52727e-18
2.14289	1.49939e-18
2.14783	1.47202e-18
2.15278	1.44516e-18
2.15774	1.41878e-18
2.16272	1.39289e-18
2.1677	1.36746e-18
2.1727	1.34251e-18
2.17771	1.318e-18
2.18273	1.29395e-18
2.18776	1.27033e-18
2.1928	1.24714e-18
2.19786	1.22438e-18
2.20293	1.20203e-18
2.208	1.1801e-18
2.21309	1.15856e-18
2.2182	1.13741e-18
2.22331	1.11665e-18
2.22844	1.09627e-18
2.23357	1.07626e-18
2.23872	1.05662e-18
2.24388	1.03733e-18
2.24905	1.0184e-18
2.25424	9.99814e-19
2.25944	9.81566e-19
2.26464	9.63651e-19
2.26986	9.46063e-19
2.2751	9.28796e-19
2.28034	9.11844e-19
2.2856	8.95202e-19
2.29087	8.78863e-19
2.29615	8.62823e-19
2.30144	8.47075e-19
2.30675	8.31615e-19
2.31206	8.16437e-19
2.31739	8.01536e-19
2.32274	7.86907e-19
2.32809	7.72545e-19
2.33346	7.58445e-19
2.33884	7.44602e-19
2.34423	7.31012e-19
2.34963	7.1767e-19
2.35505	7.04572e-19
2.36048	6.91713e-19
2.36592	6.79088e-19
2.37137	6.66694e-19
2.37684	6.54526e-19
2.38232	6.42581e-19
2.38781	6.30853e-19
2.39332	6.19339e-19
2.39883	6.08036e-19
2.40436	5.96939e-19
2.40991	5.86044e-19
2.41546	5.75348e-19
2.42103	5.64847e-19
2.42661	5.54539e-19
2.4322	5.44418e-19
2.43781	5.34482e-19
2.44343	5.24727e-19
2.44906	5.1515e-19
2.45471	5.05749e-19
2.46037	4.96518e-19
2.46604	4.87457e-19
2.47172	4.7856e-19
2.47742	4.69826e-19
2.48313	4.61252e-19
2.48886	4.52834e-19
2.49459	4.44569e-19
2.50035	4.36456e-19
2.50611	4.2849e-19
2.51189	4.2067e-19
2.51768	4.12993e-19
2.52348	4.05456e-19
2.5293	3.98056e-19
2.53513	3.90792e-19
2.54097	3.8366e-19
2.54683	3.76658e-19
2.5527	3.69784e-19
2.55859	3.63036e-19
2.56448	3.5641e-19
2.5704	3.49906e-19
2.57632	3.4352e-19
2.58226	3.37251e-19
2.58821	3.31096e-19
2.59418	3.25054e-19
2.60016	3.19122e-19
2.60615	3.13298e-19
2.61216	3.07581e-19
2.61818	3.01968e-19
2.62422	2.96457e-19
2.63027	2.91047e-19
2.63633	2.85736e-19
2.64241	2.80521e-19
2.6485	2.75402e-19
2.65461	2.70376e-19
2.66073	2.65442e-19
2.66686	2.60599e-19
2.67301	2.55843e-19
2.67917	2.51174e-19
2.68534	2.46591e-19
2.69153	2.42091e-19
2.69774	2.37673e-19
2.70396	2.33336e-19
2.71019	2.29078e-19
2.71644	2.24898e-19
2.7227	2.20794e-19
2.72898	2.16765e-19
2.73527	2.1281e-19
2.74157	2.08927e-19
2.74789	2.05114e-19
2.75423	2.01372e-19
2.76058	1.97697e-19
2.76694	1.9409e-19
2.77332	1.90548e-19
2.77971	1.87072e-19
2.78612	1.83658e-19
2.79254	1.80307e-19
2.79898	1.77017e-19
2.80543	1.73787e-19
2.8119	1.70616e-19
2.81838	1.67503e-19
2.82488	1.64447e-19
2.83139	1.61447e-19
2.83792	1.58501e-19
2.84446	1.55609e-19
2.85102	1.5277e-19
2.85759	1.49983e-19
2.86418	1.47247e-19
2.87078	1.4456e-19
2.8774	1.41923e-19
2.88403	1.39334e-19
2.89068	1.36792e-19
2.89734	1.34296e-19
2.90402	1.31846e-19
2.91072	1.29441e-19
2.91743	1.2708e-19
2.92415	1.24761e-19
2.93089	1.22485e-19
2.93765	1.20251e-19
2.94442	1.18058e-19
2.95121	1.15904e-19
2.95801	1.1379e-19
2.96483	1.11714e-19
2.97167	1.09676e-19
2.97852	1.07676e-19
2.98538	1.05712e-19
2.99226	1.03784e-19
2.99916	1.01891e-19
3.00608	1.00032e-19
3.01301	9.82079e-20
3.01995	9.64168e-20
3.02691	9.46583e-20
3.03389	9.2932e-20
3.04089	9.12371e-20
3.04789	8.95732e-20
3.05492	8.79397e-20
3.06196	8.63361e-20
3.06902	8.47617e-20
3.0761	8.3216e-20
3.08319	8.16986e-20
3.0903	8.02088e-20
3.09742	7.87463e-20
3.10456	7.73105e-20
3.11172	7.59009e-20
3.11889	7.4517e-20
3.12608	7.31584e-20
3.13329	7.18246e-20
3.14051	7.05152e-20
3.14775	6.92297e-20
3.155	6.79676e-20
3.16228	6.67286e-20
3.16957	6.55123e-20
3.17687	6.43181e-20
3.1842	6.31457e-20
3.19154	6.19948e-20
3.1989	6.08648e-20
3.20627	5.97555e-20
3.21366	5.86665e-20
3.22107	5.75974e-20
3.22849	5.65477e-20
3.23594	5.55173e-20
3.2434	5.45056e-20
3.25087	5.35125e-20
3.25837	5.25375e-20
3.26588	5.15803e-20
3.27341	5.06405e-20
3.28095	4.9718e-20
3.28852	4.88122e-20
3.2961	4.79231e-20
3.3037	4.70501e-20
3.31131	4.61932e-20
3.31894	4.53518e-20
3.3266	4.45259e-20
3.33426	4.3715e-20
3.34195	4.29189e-20
3.34965	4.21374e-20
3.35738	4.13702e-20
3.36512	4.0617e-20
3.37287	3.98775e-20
3.38065	3.91516e-20
3.38844	3.84389e-20
3.39625	3.77392e-20
3.40408	3.70523e-20
3.41193	3.6378e-20
3.41979	3.5716e-20
3.42768	3.50661e-20
3.43558	3.4428e-20
3.4435	3.38017e-20
3.45144	3.31867e-20
3.45939	3.2583e-20
3.46737	3.19904e-20
3.47536	3.14086e-20
3.48337	3.08374e-20
3.4914	3.02766e-20
3.49945	2.97261e-20
3.50752	2.91857e-20
3.5156	2.86551e-20
3.52371	2.81343e-20
3.53183	2.76229e-20
3.53997	2.71209e-20
3.54813	2.66281e-20
3.55631	2.61443e-20
3.56451	2.56694e-20
3.57273	2.52031e-20
3.58096	2.47454e-20
3.58922	2.4296e-20
3.59749	2.38548e-20
3.60579	2.34218e-20
3.6141	2.29966e-20
3.62243	2.25792e-20
3.63078	2.21695e-20
3.63915	2.17672e-20
3.64754	2.13723e-20
3.65595	2.09846e-20
3.66438	2.06041e-20
3.67282	2.02304e-20
3.68129	1.98637e-20
3.68978	1.95036e-20
3.69828	1.91501e-20
3.70681	1.88031e-20
3.71535	1.84625e-20
3.72392	1.8128e-20
3.7325	1.77997e-20
3.74111	1.74775e-20
3.74973	1.71611e-20
3.75837	1.68505e-20
3.76704	1.65456e-20
3.77572	1.62463e-20
3.78443	1.59524e-20
3.79315	1.5664e-20
3.80189	1.53808e-20
3.81066	1.51028e-20
3.81944	1.48299e-20
3.82825	1.4562e-20
3.83707	1.42991e-20
3.84592	1.40409e-20
3.85478	1.37875e-20
3.86367	1.35387e-20
3.87258	1.32945e-20
3.8815	1.30547e-20
3.89045	1.28194e-20
3.89942	1.25884e-20
3.90841	1.23616e-20
3.91742	1.21389e-20
3.92645	1.19204e-20
3.9355	1.17059e-20
3.94457	1.14953e-20
3.95367	1.12885e-20
3.96278	1.10856e-20
3.97192	1.08864e-20
3.98107	1.06908e-20
3.99025	1.04989e-20
3.99945	1.03104e-20
4.00867	1.01255e-20
4.01791	9.9439e-21
4.02717	9.76567e-21
4.03645	9.59071e-21
4.04576	9.41896e-21
4.05509	9.25038e-21
4.06443	9.08489e-21
4.0738	8.92245e-21
4.08319	8.763e-21
4.09261	8.60649e-21
4.10204	8.45285e-21
4.1115	8.30204e-21
4.12098	8.15401e-21
4.13048	8.00871e-21
4.14	7.86608e-21
4.14954	7.72608e-21
4.15911	7.58866e-21
4.16869	7.45377e-21
4.1783	7.32138e-21
4.18794	7.19142e-21
4.19759	7.06386e-21
4.20727	6.93866e-21
4.21697	6.81576e-21
4.22669	6.69514e-21
4.23643	6.57674e-21
4.2462	6.46053e-21
4.25598	6.34647e-21
4.2658	6.23451e-21
4.27563	6.12463e-21
4.28549	6.01678e-21
4.29536	5.91092e-21
4.30527	5.80702e-21
4.31519	5.70505e-21
4.32514	5.60496e-21
4.33511	5.50673e-21
4.3451	5.41032e-21
4.35512	5.3157e-21
4.36516	5.22283e-21
4.37522	5.13168e-21
4.38531	5.04223e-21
4.39542	4.95444e-21
4.40555	4.86827e-21
4.4157	4.78371e-21
4.42588	4.70072e-21
4.43609	4.61928e-21
4.44631	4.53935e-21
4.45656	4.4609e-21
4.46684	4.38392e-21
4.47713	4.30837e-21
4.48745	4.23423e-21
4.4978	4.16147e-21
4.50817	4.09007e-21
4.51856	4.02e-21
4.52898	3.95124e-21
4.53942	3.88376e-21
4.54988	3.81755e-21
4.56037	3.75257e-21
4.57088	3.68881e-21
4.58142	3.62624e-21
4.59198	3.56485e-21
4.60257	3.5046e-21
4.61318	3.44548e-21
4.62381	3.38748e-21
4.63447	3.33056e-21
4.64515	3.27471e-21
4.65586	3.21991e-21
4.66659	3.16613e-21
4.67735	3.11337e-21
4.68813	3.06161e-21
4.69894	3.01082e-21
4.70977	2.96098e-21
4.72063	2.91209e-21
4.73151	2.86411e-21
4.74242	2.81705e-21
4.75335	2.77087e-21
4.76431	2.72556e-21
4.77529	2.68111e-21
4.7863	2.6375e-21
4.79733	2.59472e-21
4.80839	2.55275e-21
4.81948	2.51157e-21
4.83059	2.47118e-21
4.84172	2.43155e-21
4.85289	2.39267e-21
4.86407	2.35453e-21
4.87528	2.31712e-21
4.88652	2.28042e-21
4.89779	2.24442e-21
4.90908	2.2091e-21
4.9204	2.17446e-21
4.93174	2.14048e-21
4.94311	2.10714e-21
4.9545	2.07444e-21
4.96592	2.04237e-21
4.97737	2.01091e-21
4.98884	1.98005e-21
5.00035	1.94978e-21
5.01187	1.92009e-21
5.02343	1.89098e-21
5.03501	1.86241e-21
5.04661	1.8344e-21
5.05825	1.80692e-21
5.06991	1.77997e-21
5.08159	1.75354e-21
5.09331	1.72762e-21
5.10505	1.70219e-21
5.11682	1.67725e-21
5.12861	1.65279e-21
5.14044	1.62881e-21
5.15229	1.60528e-21
5.16416	1.58221e-21
5.17607	1.55958e-21
5.188	1.53739e-21
5.19996	1.51562e-21
5.21195	1.49427e-21
5.22396	1.47334e-21
5.236	1.4528e-21
5.24807	1.43267e-21
5.26017	1.41292e-21
5.2723	1.39355e-21
5.28445	1.37455e-21
5.29663	1.35592e-21
5.30884	1.33765e-21
5.32108	1.31973e-21
5.33335	1.30216e-21
5.34564	1.28492e-21
5.35797	1.26801e-21
5.37032	1.25143e-21
5.3827	1.23517e-21
5.39511	1.21922e-21
5.40754	1.20358e-21
5.42001	1.18823e-21
5.4325	1.17318e-21
5.44503	1.15842e-21
5.45758	1.14394e-21
5.47016	1.12974e-21
5.48277	1.1158e-21
5.49541	1.10213e-21
5.50808	1.08873e-21
5.52077	1.07558e-21
5.5335	1.06267e-21
5.54626	1.05001e-21
5.55904	1.03759e-21
5.57186	1.02541e-21
5.5847	1.01346e-21
5.59758	1.00173e-21
5.61048	9.90216e-22
5.62341	9.78923e-22
5.63638	9.6784e-22
5.64937	9.56964e-22
5.66239	9.46291e-22
5.67545	9.35816e-22
5.68853	9.25535e-22
5.70164	9.15444e-22
5.71479	9.05539e-22
5.72796	8.95816e-22
5.74116	8.86271e-22
5.7544	8.769e-22
5.76766	8.677e-22
5.78096	8.58667e-22
5.79429	8.49797e-22
5.80764	8.41086e-22
5.82103	8.32533e-22
5.83445	8.24132e-22
5.8479	8.1588e-22
5.86138	8.07775e-22
5.87489	7.99814e-22
5.88844	7.91992e-22
5.90201	7.84307e-22
5.91562	7.76757e-22
5.92925	7.69337e-22
5.94292	7.62046e-22
5.95662	7.5488e-22
5.97035	7.47836e-22
5.98412	7.40912e-22
5.99791	7.34106e-22
6.01174	7.27414e-22
6.0256	7.20835e-22
6.03949	7.14364e-22
6.05341	7.08001e-22
6.06736	7.01743e-22
6.08135	6.95587e-22
6.09537	6.89532e-22
6.10942	6.83574e-22
6.1235	6.77712e-22
6.13762	6.71944e-22
6.15177	6.66267e-22
6.16595	6.60679e-22
6.18016	6.55179e-22
6.19441	6.49765e-22
6.20869	6.44434e-22
6.223	6.39185e-22
6.23735	6.34016e-22
6.25173	6.28924e-22
6.26614	6.23909e-22
6.28058	6.18969e-22
6.29506	6.14102e-22
6.30957	6.09306e-22
6.32412	6.0458e-22
6.3387	5.99922e-22
6.35331	5.95331e-22
6.36796	5.90806e-22
6.38263	5.86343e-22
6.39735	5.81944e-22
6.4121	5.77605e-22
6.42688	5.73326e-22
6.44169	5.69105e-22
6.45654	5.64942e-22
6.47143	5.60834e-22
6.48634	5.56781e-22
6.5013	5.52781e-22
6.51628	5.48833e-22
6.53131	5.44937e-22
6.54636	5.4109e-22
6.56145	5.37293e-22
6.57658	5.33543e-22
6.59174	5.2984e-22
6.60693	5.26183e-22
6.62217	5.22571e-22
6.63743	5.19003e-22
6.65273	5.15478e-22
6.66807	5.11995e-22
6.68344	5.08553e-22
6.69885	5.05151e-22
6.71429	5.01789e-22
6.72977	4.98466e-22
6.74528	4.9518e-22
6.76083	4.91932e-22
6.77642	4.8872e-22
6.79204	4.85543e-22
6.80769	4.82402e-22
6.82339	4.79294e-22
6.83912	4.76221e-22
6.85488	4.7318e-22
6.87068	4.70171e-22
6.88652	4.67194e-22
6.9024	4.64247e-22
6.91831	4.61331e-22
6.93426	4.58445e-22
6.95024	4.55588e-22
6.96627	4.5276e-22
6.98232	4.4996e-22
6.99842	4.47187e-22
7.01455	4.44441e-22
7.03072	4.41722e-22
7.04693	4.39029e-22
7.06318	4.36362e-22
7.07946	4.33719e-22
7.09578	4.31101e-22
7.11214	4.28508e-22
7.12853	4.25938e-22
7.14496	4.23392e-22
7.16143	4.20868e-22
7.17794	4.18367e-22
7.19449	4.15889e-22
7.21107	4.13432e-22
7.2277	4.10996e-22
7.24436	4.08582e-22
7.26106	4.06188e-22
7.2778	4.03814e-22
7.29458	4.01461e-22
7.31139	3.99127e-22
7.32825	3.96813e-22
7.34514	3.94518e-22
7.36207	3.92241e-22
7.37904	3.89983e-22
7.39605	3.87743e-22
7.4131	3.85522e-22
7.43019	3.83317e-22
7.44732	3.8113e-22
7.46449	3.7896e-22
7.4817	3.76807e-22
7.49894	3.74671e-22
7.51623	3.72551e-22
7.53356	3.70447e-22
7.55092	3.68359e-22
7.56833	3.66287e-22
7.58578	3.6423e-22
7.60326	3.62188e-22
7.62079	3.60162e-22
7.63836	3.5815e-22
7.65597	3.56152e-22
7.67361	3.5417e-22
7.6913	3.52201e-22
7.70903	3.50247e-22
7.72681	3.48306e-22
7.74462	3.46379e-22
7.76247	3.44465e-22
7.78037	3.42565e-22
7.7983	3.40678e-22
7.81628	3.38804e-22
7.8343	3.36943e-22
7.85236	3.35095e-22
7.87046	3.33259e-22
7.8886	3.31435e-22
7.90679	3.29624e-22
7.92501	3.27825e-22
7.94328	3.26038e-22
7.96159	3.24262e-22
7.97995	3.22499e-22
7.99834	3.20747e-22
8.01678	3.19006e-22
8.03526	3.17277e-22
8.05378	3.15558e-22
8.07235	3.13851e-22
8.09096	3.12155e-22
8.10961	3.1047e-22
8.12831	3.08795e-22
8.14704	3.07131e-22
8.16582	3.05478e-22
8.18465	3.03835e-22
8.20352	3.02202e-22
8.22243	3.00579e-22
8.24138	2.98967e-22
8.26038	2.97364e-22
8.27942	2.95772e-22
8.29851	2.94189e-22
8.31764	2.92616e-22
8.33681	2.91052e-22
8.35603	2.89498e-22
8.37529	2.87954e-22
8.3946	2.86419e-22
8.41395	2.84893e-22
8.43335	2.83376e-22
8.45279	2.81868e-22
8.47227	2.80369e-22
8.4918	2.7888e-22
8.51138	2.77399e-22
8.531	2.75927e-22
8.55067	2.74463e-22
8.57038	2.73009e-22
8.59014	2.71563e-22
8.60994	2.70125e-22
8.62979	2.68696e-22
8.64968	2.67275e-22
8.66962	2.65862e-22
8.6896	2.64458e-22
8.70964	2.63061e-22
8.72971	2.61673e-22
8.74984	2.60293e-22
8.77001	2.58921e-22
8.79023	2.57557e-22
8.81049	2.562e-22
8.8308	2.54851e-22
8.85116	2.5351e-22
8.87156	2.52177e-22
8.89201	2.50851e-22
8.91251	2.49533e-22
8.93305	2.48222e-22
8.95365	2.46919e-22
8.97429	2.45623e-22
8.99498	2.44334e-22
9.01571	2.43053e-22
9.03649	2.41779e-22
9.05733	2.40512e-22
9.07821	2.39252e-22
9.09913	2.37999e-22
9.12011	2.36753e-22
9.14113	2.35515e-22
9.1622	2.34283e-22
9.18333	2.33058e-22
9.2045	2.31839e-22
9.22571	2.30628e-22
9.24698	2.29423e-22
9.2683	2.28225e-22
9.28966	2.27034e-22
9.31108	2.25849e-22
9.33254	2.2467e-22
9.35406	2.23499e-22
9.37562	2.22333e-22
9.39723	2.21174e-22
9.4189	2.20022e-22
9.44061	2.18875e-22
9.46237	2.17735e-22
9.48418	2.16602e-22
9.50605	2.15474e-22
9.52796	2.14353e-22
9.54993	2.13237e-22
9.57194	2.12128e-22
9.59401	2.11025e-22
9.61612	2.09928e-22
9.63829	2.08837e-22
9.66051	2.07752e-22
9.68278	2.06672e-22
9.7051	2.05599e-22
9.72747	2.04531e-22
9.7499	2.0347e-22
9.77237	2.02413e-22
9.7949	2.01363e-22
9.81748	2.00318e-22
9.84011	1.99279e-22
9.86279	1.98246e-22
9.88553	1.97218e-22
9.90832	1.96196e-22
9.93116	1.95179e-22
9.95405	1.94168e-22
9.977	1.93162e-22
10	1.92161e-22
10.0231	1.91166e-22
10.0462	1.90176e-22
10.0693	1.89192e-22
10.0925	1.88213e-22
10.1158	1.87239e-22
10.1391	1.8627e-22
10.1625	1.85306e-22
10.1859	1.84348e-22
10.2094	1.83395e-22
10.2329	1.82447e-22
10.2565	1.81503e-22
10.2802	1.80565e-22
10.3039	1.79632e-22
10.3276	1.78704e-22
10.3514	1.77781e-22
10.3753	1.76863e-22
10.3992	1.7595e-22
10.4232	1.75041e-22
10.4472	1.74138e-22
10.4713	1.73239e-22
10.4954	1.72345e-22
10.5196	1.71455e-22
10.5439	1.70571e-22
10.5682	1.69691e-22
10.5925	1.68816e-22
10.617	1.67945e-22
10.6414	1.67079e-22
10.666	1.66218e-22
10.6905	1.65361e-22
10.7152	1.64509e-22
10.7399	1.63661e-22
10.7647	1.62818e-22
10.7895	1.61979e-22
10.8143	1.61145e-22
10.8393	1.60315e-22
10.8643	1.59489e-22
10.8893	1.58668e-22
10.9144	1.57851e-22
10.9396	1.57039e-22
10.9648	1.5623e-22
10.9901	1.55426e-22
11.0154	1.54627e-22
11.0408	1.53831e-22
11.0662	1.5304e-22
11.0917	1.52252e-22
11.1173	1.51469e-22
11.1429	1.50691e-22
11.1686	1.49916e-22
11.1944	1.49145e-22
11.2202	1.48378e-22
11.246	1.47616e-22
11.272	1.46857e-22
11.298	1.46102e-22
11.324	1.45352e-22
11.3501	1.44605e-22
11.3763	1.43862e-22
11.4025	1.43123e-22
11.4288	1.42388e-22
11.4551	1.41657e-22
11.4815	1.4093e-22
11.508	1.40206e-22
11.5345	1.39486e-22
11.5611	1.38771e-22
11.5878	1.38058e-22
11.6145	1.3735e-22
11.6413	1.36645e-22
11.6681	1.35944e-22
11.695	1.35247e-22
11.722	1.34553e-22
11.749	1.33863e-22
11.7761	1.33176e-22
11.8032	1.32493e-22
11.8304	1.31814e-22
11.8577	1.31138e-22
11.885	1.30466e-22
11.9124	1.29797e-22
11.9399	1.29132e-22
11.9674	1.2847e-22
11.995	1.27812e-22
12.0226	1.27157e-22
12.0504	1.26506e-22
12.0781	1.25858e-22
12.106	1.25213e-22
12.1339	1.24572e-22
12.1619	1.23934e-22
12.1899	1.23299e-22
12.218	1.22668e-22
12.2462	1.2204e-22
12.2744	1.21415e-22
12.3027	1.20793e-22
12.331	1.20175e-22
12.3595	1.1956e-22
12.388	1.18948e-22
12.4165	1.1834e-22
12.4451	1.17734e-22
12.4738	1.17132e-22
12.5026	1.16533e-22
12.5314	1.15936e-22
12.5603	1.15344e-22
12.5893	1.14754e-22
12.6183	1.14167e-22
12.6474	1.13583e-22
12.6765	1.13002e-22
12.7057	1.12425e-22
12.735	1.1185e-22
12.7644	1.11278e-22
12.7938	1.10709e-22
12.8233	1.10144e-22
12.8529	1.09581e-22
12.8825	1.09021e-22
12.9122	1.08464e-22
12.942	1.0791e-22
12.9718	1.07358e-22
13.0017	1.0681e-22
13.0317	1.06264e-22
13.0617	1.05722e-22
13.0918	1.05182e-22
13.122	1.04645e-22
13.1522	1.0411e-22
13.1826	1.03579e-22
13.213	1.0305e-22
13.2434	1.02524e-22
13.2739	1.02001e-22
13.3045	1.0148e-22
13.3352	1.00962e-22
13.366	1.00447e-22
13.3968	9.99343e-23
13.4276	9.94244e-23
13.4586	9.89171e-23
13.4896	9.84125e-23
13.5207	9.79105e-23
13.5519	9.7411e-23
13.5831	9.69142e-23
13.6144	9.64199e-23
13.6458	9.59282e-23
13.6773	9.5439e-23
13.7088	9.49523e-23
13.7404	9.44682e-23
13.7721	9.39866e-23
13.8038	9.35074e-23
13.8357	9.30308e-23
13.8676	9.25566e-23
13.8995	9.20848e-23
13.9316	9.16155e-23
13.9637	9.11486e-23
13.9959	9.06841e-23
14.0281	9.0222e-23
14.0605	8.97624e-23
14.0929	8.9305e-23
14.1254	8.88501e-23
14.1579	8.83975e-23
14.1906	8.79472e-23
14.2233	8.74992e-23
14.2561	8.70536e-23
14.2889	8.66102e-23
14.3219	8.61692e-23
14.3549	8.57304e-23
14.388	8.52939e-23
14.4212	8.48596e-23
14.4544	8.44276e-23
14.4877	8.39978e-23
14.5211	8.35702e-23
14.5546	8.31448e-23
14.5881	8.27216e-23
14.6218	8.23006e-23
14.6555	8.18818e-23
14.6893	8.14651e-23
14.7231	8.10505e-23
14.7571	8.06381e-23
14.7911	8.02278e-23
14.8252	7.98197e-23
14.8594	7.94136e-23
14.8936	7.90096e-23
14.9279	7.86077e-23
14.9624	7.82079e-23
14.9968	7.78101e-23
15.0314	7.74144e-23
15.0661	7.70207e-23
15.1008	7.6629e-23
15.1356	7.62393e-23
15.1705	7.58517e-23
15.2055	7.5466e-23
15.2405	7.50823e-23
15.2757	7.47006e-23
15.3109	7.43209e-23
15.3462	7.39431e-23
15.3815	7.35672e-23
15.417	7.31933e-23
15.4525	7.28213e-23
15.4882	7.24512e-23
15.5239	7.2083e-23
15.5597	7.17167e-23
15.5955	7.13523e-23
15.6315	7.09897e-23
15.6675	7.06291e-23
15.7036	7.02702e-23
15.7398	6.99132e-23
15.7761	6.95581e-23
15.8125	6.92047e-23
15.8489	6.88532e-23
15.8855	6.85035e-23
15.9221	6.81555e-23
15.9588	6.78094e-23
15.9956	6.7465e-23
16.0325	6.71224e-23
16.0694	6.67815e-23
16.1065	6.64424e-23
16.1436	6.61051e-23
16.1808	6.57694e-23
16.2181	6.54355e-23
16.2555	6.51033e-23
16.293	6.47728e-23
16.3305	6.4444e-23
16.3682	6.41168e-23
16.4059	6.37914e-23
16.4437	6.34676e-23
16.4816	6.31455e-23
16.5196	6.2825e-23
16.5577	6.25062e-23
16.5959	6.2189e-23
16.6341	6.18734e-23
16.6725	6.15594e-23
16.7109	6.1247e-23
16.7494	6.09363e-23
16.788	6.06271e-23
16.8267	6.03195e-23
16.8655	6.00135e-23
16.9044	5.9709e-23
16.9434	5.94061e-23
16.9824	5.91048e-23
17.0216	5.8805e-23
17.0608	5.85067e-23
17.1002	5.821e-23
17.1396	5.79147e-23
17.1791	5.7621e-23
17.2187	5.73288e-23
17.2584	5.70381e-23
17.2982	5.67488e-23
17.338	5.64611e-23
17.378	5.61748e-23
17.4181	5.58899e-23
17.4582	5.56066e-23
17.4985	5.53246e-23
17.5388	5.50442e-23
17.5792	5.47651e-23
17.6198	5.44875e-23
17.6604	5.42113e-23
17.7011	5.39365e-23
17.7419	5.36631e-23
17.7828	5.33911e-23
17.8238	5.31204e-23
17.8649	5.28512e-23
17.9061	5.25833e-23
17.9473	5.23169e-23
17.9887	5.20517e-23
18.0302	5.17879e-23
18.0717	5.15255e-23
18.1134	5.12644e-23
18.1552	5.10046e-23
18.197	5.07462e-23
18.239	5.04891e-23
18.281	5.02333e-23
18.3231	4.99788e-23
18.3654	4.97256e-23
18.4077	4.94736e-23
18.4502	4.9223e-23
18.4927	4.89737e-23
18.5353	4.87256e-23
18.578	4.84788e-23
18.6209	4.82332e-23
18.6638	4.79889e-23
18.7068	4.77458e-23
18.7499	4.7504e-23
18.7932	4.72634e-23
18.8365	4.7024e-23
18.8799	4.67859e-23
18.9234	4.6549e-23
18.9671	4.63132e-23
19.0108	4.60787e-23
19.0546	4.58454e-23
19.0985	4.56132e-23
19.1426	4.53823e-23
19.1867	4.51525e-23
19.2309	4.49239e-23
19.2752	4.46964e-23
19.3197	4.44702e-23
19.3642	4.4245e-23
19.4089	4.4021e-23
19.4536	4.37982e-23
19.4984	4.35765e-23
19.5434	4.33559e-23
19.5884	4.31364e-23
19.6336	4.29181e-23
19.6789	4.27008e-23
19.7242	4.24847e-23
19.7697	4.22697e-23
19.8153	4.20557e-23
19.8609	4.18429e-23
19.9067	4.16311e-23
19.9526	4.14204e-23
19.9986	4.12108e-23
20.0447	4.10023e-23
20.0909	4.07948e-23
20.1372	4.05884e-23
20.1837	4.0383e-23
20.2302	4.01786e-23
20.2768	3.99753e-23
20.3236	3.97731e-23
20.3704	3.95719e-23
20.4174	3.93716e-23
20.4644	3.91725e-23
20.5116	3.89743e-23
20.5589	3.87771e-23
20.6063	3.85809e-23
20.6538	3.83858e-23
20.7014	3.81916e-23
20.7491	3.79984e-23
20.797	3.78062e-23
20.8449	3.7615e-23
20.893	3.74247e-23
20.9411	3.72355e-23
20.9894	3.70471e-23
21.0378	3.68598e-23
21.0863	3.66733e-23
21.1349	3.64879e-23
21.1836	3.63034e-23
21.2324	3.61198e-23
21.2814	3.59371e-23
21.3304	3.57554e-23
21.3796	3.55746e-23
21.4289	3.53947e-23
21.4783	3.52158e-23
21.5278	3.50377e-23
21.5774	3.48606e-23
21.6272	3.46843e-23
21.677	3.4509e-23
21.727	3.43345e-23
21.7771	3.4161e-23
21.8273	3.39883e-23
21.8776	3.38165e-23
21.928	3.36455e-23
21.9786	3.34755e-23
22.0293	3.33063e-23
22.08	3.31379e-23
22.1309	3.29704e-23
22.182	3.28038e-23
22.2331	3.2638e-23
22.2844	3.24731e-23
22.3357	3.2309e-23
22.3872	3.21457e-23
22.4388	3.19833e-23
22.4905	3.18217e-23
22.5424	3.16609e-23
22.5944	3.15009e-23
22.6464	3.13418e-23
22.6986	3.11834e-23
22.751	3.10259e-23
22.8034	3.08691e-23
22.856	3.07132e-23
22.9087	3.05581e-23
22.9615	3.04037e-23
23.0144	3.02501e-23
23.0675	3.00973e-23
23.1206	2.99453e-23
23.1739	2.97941e-23
23.2274	2.96436e-23
23.2809	2.94939e-23
23.3346	2.9345e-23
23.3884	2.91968e-23
23.4423	2.90494e-23
23.4963	2.89027e-23
23.5505	2.87568e-23
23.6048	2.86116e-23
23.6592	2.84671e-23
23.7137	2.83234e-23
23.7684	2.81804e-23
23.8232	2.80382e-23
23.8781	2.78967e-23
23.9332	2.77559e-23
23.9883	2.76158e-23
24.0436	2.74764e-23
24.0991	2.73377e-23
24.1546	2.71998e-23
24.2103	2.70625e-23
24.2661	2.6926e-23
24.322	2.67901e-23
24.3781	2.66549e-23
24.4343	2.65205e-23
24.4906	2.63867e-23
24.5471	2.62536e-23
24.6037	2.61211e-23
24.6604	2.59894e-23
24.7172	2.58583e-23
24.7742	2.57279e-23
24.8313	2.55982e-23
24.8886	2.54691e-23
24.9459	2.53407e-23
25.0035	2.52129e-23
25.0611	2.50858e-23
25.1189	2.49593e-23
25.1768	2.48335e-23
25.2348	2.47083e-23
25.293	2.45838e-23
25.3513	2.44599e-23
25.4097	2.43366e-23
25.4683	2.4214e-23
25.527	2.40919e-23
25.5859	2.39706e-23
25.6448	2.38498e-23
25.704	2.37296e-23
25.7632	2.36101e-23
25.8226	2.34912e-23
25.8821	2.33729e-23
25.9418	2.32552e-23
26.0016	2.3138e-23
26.0615	2.30215e-23
26.1216	2.29056e-23
26.1818	2.27903e-23
26.2422	2.26756e-23
26.3027	2.25614e-23
26.3633	2.24479e-23
26.4241	2.23349e-23
26.485	2.22225e-23
26.5461	2.21107e-23
26.6073	2.19995e-23
26.6686	2.18888e-23
26.7301	2.17787e-23
26.7917	2.16692e-23
26.8534	2.15602e-23
26.9153	2.14518e-23
26.9774	2.13439e-23
27.0396	2.12366e-23
27.1019	2.11298e-23
27.1644	2.10236e-23
27.227	2.0918e-23
27.2898	2.08129e-23
27.3527	2.07083e-23
27.4157	2.06042e-23
27.4789	2.05007e-23
27.5423	2.03978e-23
27.6058	2.02953e-23
27.6694	2.01934e-23
27.7332	2.0092e-23
27.7971	1.99912e-23
27.8612	1.98908e-23
27.9254	1.9791e-23
27.9898	1.96917e-23
28.0543	1.95929e-23
28.119	1.94946e-23
28.1838	1.93968e-23
28.2488	1.92995e-23
28.3139	1.92028e-23
28.3792	1.91065e-23
28.4446	1.90107e-23
28.5102	1.89154e-23
28.5759	1.88206e-23
28.6418	1.87263e-23
28.7078	1.86325e-23
28.774	1.85392e-23
28.8403	1.84464e-23
28.9068	1.8354e-23
28.9734	1.82621e-23
29.0402	1.81707e-23
29.1072	1.80798e-23
29.1743	1.79893e-23
29.2415	1.78993e-23
29.3089	1.78098e-23
29.3765	1.77208e-23
29.4442	1.76322e-23
29.5121	1.7544e-23
29.5801	1.74564e-23
29.6483	1.73691e-23
29.7167	1.72824e-23
29.7852	1.71961e-23
29.8538	1.71102e-23
29.9226	1.70248e-23
29.9916	1.69398e-23
30.0608	1.68553e-23
30.1301	1.67712e-23
30.1995	1.66875e-23
30.2691	1.66043e-23
30.3389	1.65216e-23
30.4089	1.64392e-23
30.4789	1.63573e-23
30.5492	1.62758e-23
30.6196	1.61948e-23
30.6902	1.61141e-23
30.761	1.60339e-23
30.8319	1.59541e-23
30.903	1.58748e-23
30.9742	1.57958e-23
31.0456	1.57173e-23
31.1172	1.56392e-23
31.1889	1.55614e-23
31.2608	1.54841e-23
31.3329	1.54072e-23
31.4051	1.53307e-23
31.4775	1.52547e-23
31.55	1.5179e-23
31.6228	1.51037e-23
31.6957	1.50288e-23
31.7687	1.49543e-23
31.842	1.48802e-23
31.9154	1.48065e-23
31.989	1.47331e-23
32.0627	1.46602e-23
32.1366	1.45877e-23
32.2107	1.45155e-23
32.2849	1.44437e-23
32.3594	1.43723e-23
32.434	1.43013e-23
32.5087	1.42307e-23
32.5837	1.41604e-23
32.6588	1.40905e-23
32.7341	1.4021e-23
32.8095	1.39518e-23
32.8852	1.38831e-23
32.961	1.38147e-23
33.037	1.37466e-23
33.1131	1.36789e-23
33.1894	1.36116e-23
33.266	1.35446e-23
33.3426	1.3478e-23
33.4195	1.34118e-23
33.4965	1.33459e-23
33.5738	1.32804e-23
33.6512	1.32152e-23
33.7287	1.31504e-23
33.8065	1.30859e-23
33.8844	1.30217e-23
33.9625	1.29579e-23
34.0408	1.28945e-23
34.1193	1.28314e-23
34.1979	1.27686e-23
34.2768	1.27062e-23
34.3558	1.26441e-23
34.435	1.25824e-23
34.5144	1.2521e-23
34.5939	1.24599e-23
34.6737	1.23991e-23
34.7536	1.23387e-23
34.8337	1.22786e-23
34.914	1.22189e-23
34.9945	1.21594e-23
35.0752	1.21003e-23
35.156	1.20415e-23
35.2371	1.19831e-23
35.3183	1.19249e-23
35.3997	1.18671e-23
35.4813	1.18096e-23
35.5631	1.17524e-23
35.6451	1.16955e-23
35.7273	1.16389e-23
35.8096	1.15827e-23
35.8922	1.15267e-23
35.9749	1.14711e-23
36.0579	1.14158e-23
36.141	1.13607e-23
36.2243	1.1306e-23
36.3078	1.12516e-23
36.3915	1.11975e-23
36.4754	1.11437e-23
36.5595	1.10902e-23
36.6438	1.10369e-23
36.7282	1.0984e-23
36.8129	1.09314e-23
36.8978	1.08791e-23
36.9828	1.0827e-23
37.0681	1.07753e-23
37.1535	1.07238e-23
37.2392	1.06727e-23
37.325	1.06218e-23
37.4111	1.05712e-23
37.4973	1.05209e-23
37.5837	1.04709e-23
37.6704	1.04211e-23
37.7572	1.03717e-23
37.8443	1.03225e-23
37.9315	1.02736e-23
38.0189	1.0225e-23
38.1066	1.01766e-23
38.1944	1.01285e-23
38.2825	1.00807e-23
38.3707	1.00332e-23
38.4592	9.98596e-24
38.5478	9.93898e-24
38.6367	9.89227e-24
38.7258	9.84583e-24
38.815	9.79965e-24
38.9045	9.75374e-24
38.9942	9.70809e-24
39.0841	9.66271e-24
39.1742	9.61759e-24
39.2645	9.57273e-24
39.355	9.52813e-24
39.4457	9.48379e-24
39.5367	9.43971e-24
39.6278	9.39589e-24
39.7192	9.35232e-24
39.8107	9.30901e-24
39.9025	9.26595e-24
39.9945	9.22314e-24
40.0867	9.18058e-24
40.1791	9.13828e-24
40.2717	9.09622e-24
40.3645	9.05441e-24
40.4576	9.01285e-24
40.5509	8.97154e-24
40.6443	8.93047e-24
40.738	8.88964e-24
40.8319	8.84906e-24
40.9261	8.80872e-24
41.0204	8.76862e-24
41.115	8.72876e-24
41.2098	8.68914e-24
41.3048	8.64976e-24
41.4	8.61062e-24
41.4954	8.57171e-24
41.5911	8.53303e-24
41.6869	8.49459e-24
41.783	8.45639e-24
41.8794	8.41841e-24
41.9759	8.38067e-24
42.0727	8.34316e-24
42.1697	8.30587e-24
42.2669	8.26882e-24
42.3643	8.23199e-24
42.462	8.19538e-24
42.5598	8.15901e-24
42.658	8.12285e-24
42.7563	8.08692e-24
42.8549	8.05122e-24
42.9536	8.01573e-24
43.0527	7.98047e-24
43.1519	7.94542e-24
43.2514	7.9106e-24
43.3511	7.87599e-24
43.451	7.8416e-24
43.5512	7.80742e-24
43.6516	7.77346e-24
43.7522	7.73972e-24
43.8531	7.70618e-24
43.9542	7.67286e-24
44.0555	7.63976e-24
44.157	7.60686e-24
44.2588	7.57417e-24
44.3609	7.5417e-24
44.4631	7.50943e-24
44.5656	7.47736e-24
44.6684	7.44551e-24
44.7713	7.41386e-24
44.8745	7.38241e-24
44.978	7.35117e-24
45.0817	7.32013e-24
45.1856	7.28929e-24
45.2898	7.25866e-24
45.3942	7.22822e-24
45.4988	7.19799e-24
45.6037	7.16795e-24
45.7088	7.13811e-24
45.8142	7.10847e-24
45.9198	7.07903e-24
46.0257	7.04978e-24
46.1318	7.02072e-24
46.2381	6.99186e-24
46.3447	6.9632e-24
46.4515	6.93472e-24
46.5586	6.90644e-24
46.6659	6.87834e-24
46.7735	6.85044e-24
46.8813	6.82273e-24
46.9894	6.7952e-24
47.0977	6.76786e-24
47.2063	6.74071e-24
47.3151	6.71375e-24
47.4242	6.68697e-24
47.5335	6.66037e-24
47.6431	6.63396e-24
47.7529	6.60773e-24
47.863	6.58168e-24
47.9733	6.55582e-24
48.0839	6.53013e-24
48.1948	6.50462e-24
48.3059	6.4793e-24
48.4172	6.45415e-24
48.5289	6.42918e-24
48.6407	6.40438e-24
48.7528	6.37977e-24
48.8652	6.35532e-24
48.9779	6.33105e-24
49.0908	6.30696e-24
49.204	6.28304e-24
49.3174	6.25929e-24
49.4311	6.23571e-24
49.545	6.2123e-24
49.6592	6.18906e-24
49.7737	6.166e-24
49.8884	6.1431e-24
50.0035	6.12036e-24
50.1187	6.0978e-24
50.2343	6.0754e-24
50.3501	6.05317e-24
50.4661	6.0311e-24
50.5825	6.0092e-24
50.6991	5.98745e-24
50.8159	5.96588e-24
50.9331	5.94446e-24
51.0505	5.92321e-24
51.1682	5.90211e-24
51.2861	5.88118e-24
51.4044	5.8604e-24
51.5229	5.83979e-24
51.6416	5.81933e-24
51.7607	5.79902e-24
51.88	5.77888e-24
51.9996	5.75889e-24
52.1195	5.73905e-24
52.2396	5.71937e-24
52.36	5.69984e-24
52.4807	5.68047e-24
52.6017	5.66124e-24
52.723	5.64217e-24
52.8445	5.62325e-24
52.9663	5.60448e-24
53.0884	5.58585e-24
53.2108	5.56738e-24
53.3335	5.54905e-24
53.4564	5.53087e-24
53.5797	5.51284e-24
53.7032	5.49495e-24
53.827	5.47721e-24
53.9511	5.45961e-24
54.0754	5.44216e-24
54.2001	5.42485e-24
54.325	5.40768e-24
54.4503	5.39065e-24
54.5758	5.37376e-24
54.7016	5.35702e-24
54.8277	5.34041e-24
54.9541	5.32394e-24
55.0808	5.30761e-24
55.2077	5.29142e-24
55.335	5.27536e-24
55.4626	5.25944e-24
55.5904	5.24366e-24
55.7186	5.22801e-24
55.847	5.21249e-24
55.9758	5.19711e-24
56.1048	5.18186e-24
56.2341	5.16674e-24
56.3638	5.15176e-24
56.4937	5.1369e-24
56.6239	5.12217e-24
56.7545	5.10758e-24
56.8853	5.09311e-24
57.0164	5.07877e-24
57.1479	5.06455e-24
57.2796	5.05047e-24
57.4116	5.03651e-24
57.544	5.02267e-24
57.6766	5.00896e-24
57.8096	4.99537e-24
57.9429	4.98191e-24
58.0764	4.96857e-24
58.2103	4.95535e-24
58.3445	4.94225e-24
58.479	4.92927e-24
58.6138	4.91641e-24
58.7489	4.90367e-24
58.8844	4.89105e-24
59.0201	4.87855e-24
59.1562	4.86616e-24
59.2925	4.85389e-24
59.4292	4.84174e-24
59.5662	4.8297e-24
59.7035	4.81778e-24
59.8412	4.80597e-24
59.9791	4.79427e-24
60.1174	4.78269e-24
60.256	4.77122e-24
60.3949	4.75985e-24
60.5341	4.7486e-24
60.6736	4.73746e-24
60.8135	4.72643e-24
60.9537	4.71551e-24
61.0942	4.70469e-24
61.235	4.69399e-24
61.3762	4.68339e-24
61.5177	4.67289e-24
61.6595	4.6625e-24
61.8016	4.65222e-24
61.9441	4.64204e-24
62.0869	4.63196e-24
62.23	4.62198e-24
62.3735	4.61211e-24
62.5173	4.60234e-24
62.6614	4.59267e-24
62.8058	4.5831e-24
62.9506	4.57363e-24
63.0957	4.56426e-24
63.2412	4.55499e-24
63.387	4.54581e-24
63.5331	4.53673e-24
63.6796	4.52775e-24
63.8263	4.51886e-24
63.9735	4.51007e-24
64.121	4.50137e-24
64.2688	4.49277e-24
64.4169	4.48426e-24
64.5654	4.47584e-24
64.7143	4.46752e-24
64.8634	4.45928e-24
65.013	4.45114e-24
65.1628	4.44309e-24
65.3131	4.43512e-24
65.4636	4.42725e-24
65.6145	4.41946e-24
65.7658	4.41176e-24
65.9174	4.40415e-24
66.0693	4.39663e-24
66.2217	4.38919e-24
66.3743	4.38183e-24
66.5273	4.37456e-24
66.6807	4.36738e-24
66.8344	4.36028e-24
66.9885	4.35326e-24
67.1429	4.34632e-24
67.2977	4.33947e-24
67.4528	4.33269e-24
67.6083	4.326e-24
67.7642	4.31938e-24
67.9204	4.31285e-24
68.0769	4.30639e-24
68.2339	4.30001e-24
68.3912	4.29371e-24
68.5488	4.28749e-24
68.7068	4.28134e-24
68.8652	4.27527e-24
69.024	4.26928e-24
69.1831	4.26335e-24
69.3426	4.25751e-24
69.5024	4.25173e-24
69.6627	4.24603e-24
69.8232	4.2404e-24
69.9842	4.23485e-24
70.1455	4.22936e-24
70.3072	4.22395e-24
70.4693	4.2186e-24
70.6318	4.21333e-24
70.7946	4.20812e-24
70.9578	4.20298e-24
71.1214	4.19792e-24
71.2853	4.19291e-24
71.4496	4.18798e-24
71.6143	4.18311e-24
71.7794	4.17831e-24
71.9449	4.17357e-24
72.1107	4.1689e-24
72.277	4.16429e-24
72.4436	4.15975e-24
72.6106	4.15526e-24
72.778	4.15085e-24
72.9458	4.14649e-24
73.1139	4.1422e-24
73.2825	4.13796e-24
73.4514	4.13379e-24
73.6207	4.12968e-24
73.7904	4.12562e-24
73.9605	4.12163e-24
74.131	4.1177e-24
74.3019	4.11382e-24
74.4732	4.11e-24
74.6449	4.10624e-24
74.817	4.10253e-24
74.9894	4.09889e-24
75.1623	4.09529e-24
75.3356	4.09176e-24
75.5092	4.08827e-24
75.6833	4.08485e-24
75.8578	4.08147e-24
76.0326	4.07815e-24
76.2079	4.07488e-24
76.3836	4.07167e-24
76.5597	4.0685e-24
76.7361	4.06539e-24
76.913	4.06233e-24
77.0903	4.05932e-24
77.2681	4.05636e-24
77.4462	4.05345e-24
77.6247	4.05059e-24
77.8037	4.04778e-24
77.983	4.04502e-24
78.1628	4.04231e-24
78.343	4.03964e-24
78.5236	4.03702e-24
78.7046	4.03445e-24
78.886	4.03192e-24
79.0679	4.02944e-24
79.2501	4.02701e-24
79.4328	4.02462e-24
79.6159	4.02228e-24
79.7995	4.01998e-24
79.9834	4.01772e-24
80.1678	4.01551e-24
80.3526	4.01334e-24
80.5378	4.01121e-24
80.7235	4.00913e-24
80.9096	4.00709e-24
81.0961	4.00509e-24
81.2831	4.00313e-24
81.4704	4.00122e-24
81.6582	3.99934e-24
81.8465	3.9975e-24
82.0352	3.99571e-24
82.2243	3.99395e-24
82.4138	3.99224e-24
82.6038	3.99056e-24
82.7942	3.98892e-24
82.9851	3.98732e-24
83.1764	3.98575e-24
83.3681	3.98423e-24
83.5603	3.98274e-24
83.7529	3.98128e-24
83.946	3.97987e-24
84.1395	3.97849e-24
84.3335	3.97715e-24
84.5279	3.97584e-24
84.7227	3.97456e-24
84.918	3.97333e-24
85.1138	3.97212e-24
85.31	3.97095e-24
85.5067	3.96982e-24
85.7038	3.96872e-24
85.9014	3.96765e-24
86.0994	3.96661e-24
86.2979	3.96561e-24
86.4968	3.96464e-24
86.6962	3.9637e-24
86.896	3.9628e-24
87.0964	3.96192e-24
87.2971	3.96108e-24
87.4984	3.96027e-24
87.7001	3.95949e-24
87.9023	3.95874e-24
88.1049	3.95802e-24
88.308	3.95733e-24
88.5116	3.95667e-24
88.7156	3.95604e-24
88.9201	3.95544e-24
89.1251	3.95487e-24
89.3305	3.95433e-24
89.5365	3.95381e-24
89.7429	3.95333e-24
89.9498	3.95287e-24
90.1571	3.95244e-24
90.3649	3.95204e-24
90.5733	3.95166e-24
90.7821	3.95132e-24
90.9913	3.951e-24
91.2011	3.9507e-24
91.4113	3.95044e-24
91.622	3.9502e-24
91.8333	3.94998e-24
92.045	3.94979e-24
92.2571	3.94963e-24
92.4698	3.94949e-24
92.683	3.94938e-24
92.8966	3.9493e-24
93.1108	3.94924e-24
93.3254	3.9492e-24
93.5406	3.94919e-24
93.7562	3.9492e-24
93.9723	3.94924e-24
94.189	3.9493e-24
94.4061	3.94939e-24
94.6237	3.9495e-24
94.8418	3.94963e-24
95.0605	3.94979e-24
95.2796	3.94997e-24
95.4993	3.95017e-24
95.7194	3.9504e-24
95.9401	3.95065e-24
96.1612	3.95092e-24
96.3829	3.95121e-24
96.6051	3.95153e-24
96.8278	3.95187e-24
97.051	3.95223e-24
97.2747	3.95262e-24
97.499	3.95303e-24
97.7237	3.95346e-24
97.949	3.95391e-24
98.1748	3.95438e-24
98.4011	3.95488e-24
98.6279	3.95539e-24
98.8553	3.95593e-24
99.0832	3.95649e-24
99.3116	3.95707e-24
99.5405	3.95767e-24
99.77	3.9583e-24
100	3.95894e-24
100.231	3.95961e-24
100.462	3.9603e-24
100.693	3.961e-24
100.925	3.96173e-24
101.158	3.96248e-24
101.391	3.96325e-24
101.625	3.96405e-24
101.859	3.96486e-24
102.094	3.96569e-24
102.329	3.96655e-24
102.565	3.96742e-24
102.802	3.96832e-24
103.039	3.96924e-24
103.276	3.97017e-24
103.514	3.97113e-24
103.753	3.97211e-24
103.992	3.97311e-24
104.232	3.97414e-24
104.472	3.97518e-24
104.713	3.97624e-24
104.954	3.97733e-24
105.196	3.97843e-24
105.439	3.97956e-24
105.682	3.98071e-24
105.925	3.98188e-24
106.17	3.98307e-24
106.414	3.98428e-24
106.66	3.98551e-24
106.905	3.98677e-24
107.152	3.98805e-24
107.399	3.98935e-24
107.647	3.99067e-24
107.895	3.99201e-24
108.143	3.99338e-24
108.393	3.99477e-24
108.643	3.99618e-24
108.893	3.99761e-24
109.144	3.99907e-24
109.396	4.00055e-24
109.648	4.00206e-24
109.901	4.00358e-24
110.154	4.00514e-24
110.408	4.00671e-24
110.662	4.00831e-24
110.917	4.00994e-24
111.173	4.01159e-24
111.429	4.01327e-24
111.686	4.01497e-24
111.944	4.0167e-24
112.202	4.01845e-24
112.46	4.02023e-24
112.72	4.02204e-24
112.98	4.02388e-24
113.24	4.02574e-24
113.501	4.02764e-24
113.763	4.02956e-24
114.025	4.03151e-24
114.288	4.03349e-24
114.551	4.0355e-24
114.815	4.03755e-24
115.08	4.03962e-24
115.345	4.04173e-24
115.611	4.04387e-24
115.878	4.04604e-24
116.145	4.04825e-24
116.413	4.05049e-24
116.681	4.05277e-24
116.95	4.05509e-24
117.22	4.05744e-24
117.49	4.05983e-24
117.761	4.06226e-24
118.032	4.06473e-24
118.304	4.06725e-24
118.577	4.0698e-24
118.85	4.0724e-24
119.124	4.07504e-24
119.399	4.07773e-24
119.674	4.08046e-24
119.95	4.08325e-24
120.226	4.08608e-24
120.504	4.08896e-24
120.781	4.0919e-24
121.06	4.09489e-24
121.339	4.09794e-24
121.619	4.10104e-24
121.899	4.10421e-24
122.18	4.10743e-24
122.462	4.11072e-24
122.744	4.11408e-24
123.027	4.1175e-24
123.31	4.12099e-24
123.595	4.12456e-24
123.88	4.1282e-24
124.165	4.13192e-24
124.451	4.13572e-24
124.738	4.1396e-24
125.026	4.14358e-24
125.314	4.14764e-24
125.603	4.1518e-24
125.893	4.15605e-24
126.183	4.16041e-24
126.474	4.16487e-24
126.765	4.16945e-24
127.057	4.17414e-24
127.35	4.17895e-24
127.644	4.18389e-24
127.938	4.18896e-24
128.233	4.19417e-24
128.529	4.19952e-24
128.825	4.20502e-24
129.122	4.21069e-24
129.42	4.21651e-24
129.718	4.22252e-24
130.017	4.2287e-24
130.317	4.23508e-24
130.617	4.24166e-24
130.918	4.24846e-24
131.22	4.25548e-24
131.522	4.26274e-24
131.826	4.27024e-24
132.13	4.27802e-24
132.434	4.28607e-24
132.739	4.29442e-24
133.045	4.30308e-24
133.352	4.31207e-24
133.66	4.32142e-24
133.968	4.33115e-24
134.276	4.34127e-24
134.586	4.35182e-24
134.896	4.36282e-24
135.207	4.37431e-24
135.519	4.38631e-24
135.831	4.39887e-24
136.144	4.41202e-24
136.458	4.42581e-24
136.773	4.44029e-24
137.088	4.4555e-24
137.404	4.4715e-24
137.721	4.48836e-24
138.038	4.50614e-24
138.357	4.52492e-24
138.676	4.54479e-24
138.995	4.56583e-24
139.316	4.58816e-24
139.637	4.61189e-24
139.959	4.63714e-24
140.281	4.66406e-24
140.605	4.69282e-24
140.929	4.72358e-24
141.254	4.75657e-24
141.579	4.79201e-24
141.906	4.83017e-24
142.233	4.87133e-24
142.561	4.91586e-24
142.889	4.96413e-24
143.219	5.0166e-24
143.549	5.07379e-24
143.88	5.13631e-24
144.212	5.20485e-24
144.544	5.28026e-24
144.877	5.36349e-24
145.211	5.4557e-24
145.546	5.55827e-24
145.881	5.67283e-24
146.218	5.80139e-24
146.555	5.94635e-24
146.893	6.11071e-24
147.231	6.29814e-24
147.571	6.51329e-24
147.911	6.76203e-24
148.252	7.05191e-24
148.594	7.39284e-24
148.936	7.79795e-24
149.279	8.28512e-24
149.624	8.87925e-24
149.968	9.61601e-24
150.314	1.05484e-23
150.661	1.17588e-23
151.008	1.33819e-23
151.356	1.56552e-23
151.705	1.90393e-23
152.055	2.456e-23
152.405	3.50607e-23
152.757	6.24316e-23
153.109	3.03546e-22
153.462	1.04748e-22
153.815	4.46443e-23
154.17	2.84455e-23
154.525	2.09607e-23
154.882	1.66774e-23
155.239	1.39224e-23
155.597	1.20148e-23
155.955	1.06254e-23
156.315	9.57539e-24
156.675	8.75934e-24
157.036	8.11104e-24
157.398	7.5868e-24
157.761	7.15665e-24
158.125	6.79935e-24
158.489	6.49943e-24
158.855	6.24539e-24
159.221	6.02849e-24
159.588	5.842e-24
159.956	5.68063e-24
160.325	5.54022e-24
160.694	5.41741e-24
161.065	5.30949e-24
161.436	5.21425e-24
161.808	5.12987e-24
162.181	5.05485e-24
162.555	4.98791e-24
162.93	4.928e-24
163.305	4.87423e-24
163.682	4.82585e-24
164.059	4.7822e-24
164.437	4.74273e-24
164.816	4.70697e-24
165.196	4.6745e-24
165.577	4.64496e-24
165.959	4.61805e-24
166.341	4.59349e-24
166.725	4.57104e-24
167.109	4.5505e-24
167.494	4.53169e-24
167.88	4.51443e-24
168.267	4.49858e-24
168.655	4.48402e-24
169.044	4.47063e-24
169.434	4.45831e-24
169.824	4.44697e-24
170.216	4.43652e-24
170.608	4.4269e-24
171.002	4.41803e-24
171.396	4.40986e-24
171.791	4.40232e-24
172.187	4.39538e-24
172.584	4.38899e-24
172.982	4.38311e-24
173.38	4.37769e-24
173.78	4.37272e-24
174.181	4.36815e-24
174.582	4.36396e-24
174.985	4.36012e-24
175.388	4.35661e-24
175.792	4.3534e-24
176.198	4.35049e-24
176.604	4.34785e-24
177.011	4.34545e-24
177.419	4.3433e-24
177.828	4.34137e-24
178.238	4.33965e-24
178.649	4.33812e-24
179.061	4.33678e-24
179.473	4.33562e-24
179.887	4.33462e-24
180.302	4.33378e-24
180.717	4.33308e-24
181.134	4.33253e-24
181.552	4.33211e-24
181.97	4.33181e-24
182.39	4.33163e-24
182.81	4.33157e-24
183.231	4.33161e-24
183.654	4.33176e-24
184.077	4.332e-24
184.502	4.33234e-24
184.927	4.33277e-24
185.353	4.33328e-24
185.78	4.33387e-24
186.209	4.33453e-24
186.638	4.33527e-24
187.068	4.33609e-24
187.499	4.33697e-24
187.932	4.33791e-24
188.365	4.33892e-24
188.799	4.33998e-24
189.234	4.34111e-24
189.671	4.34229e-24
190.108	4.34352e-24
190.546	4.3448e-24
190.985	4.34613e-24
191.426	4.34751e-24
191.867	4.34893e-24
192.309	4.3504e-24
192.752	4.35191e-24
193.197	4.35347e-24
193.642	4.35506e-24
194.089	4.35669e-24
194.536	4.35836e-24
194.984	4.36006e-24
195.434	4.3618e-24
195.884	4.36357e-24
196.336	4.36538e-24
196.789	4.36722e-24
197.242	4.36908e-24
197.697	4.37098e-24
198.153	4.37291e-24
198.609	4.37487e-24
199.067	4.37685e-24
199.526	4.37887e-24
199.986	4.3809e-24
200.447	4.38297e-24
200.909	4.38506e-24
201.372	4.38717e-24
201.837	4.38931e-24
202.302	4.39147e-24
202.768	4.39366e-24
203.236	4.39587e-24
203.704	4.3981e-24
204.174	4.40035e-24
204.644	4.40262e-24
205.116	4.40492e-24
205.589	4.40723e-24
206.063	4.40957e-24
206.538	4.41192e-24
207.014	4.4143e-24
207.491	4.41669e-24
207.97	4.4191e-24
208.449	4.42153e-24
208.93	4.42398e-24
209.411	4.42645e-24
209.894	4.42894e-24
210.378	4.43144e-24
210.863	4.43396e-24
211.349	4.4365e-24
211.836	4.43905e-24
212.324	4.44162e-24
212.814	4.44421e-24
213.304	4.44681e-24
213.796	4.44943e-24
214.289	4.45207e-24
214.783	4.45472e-24
215.278	4.45739e-24
215.774	4.46007e-24
216.272	4.46277e-24
216.77	4.46548e-24
217.27	4.46821e-24
217.771	4.47096e-24
218.273	4.47372e-24
218.776	4.47649e-24
219.28	4.47928e-24
219.786	4.48208e-24
220.293	4.4849e-24
220.8	4.48773e-24
221.309	4.49058e-24
221.82	4.49344e-24
222.331	4.49632e-24
222.844	4.49921e-24
223.357	4.50211e-24
223.872	4.50503e-24
224.388	4.50796e-24
224.905	4.5109e-24
225.424	4.51386e-24
225.944	4.51683e-24
226.464	4.51982e-24
226.986	4.52282e-24
227.51	4.52584e-24
228.034	4.52886e-24
228.56	4.5319e-24
229.087	4.53496e-24
229.615	4.53803e-24
230.144	4.54111e-24
230.675	4.54421e-24
231.206	4.54731e-24
231.739	4.55044e-24
232.274	4.55357e-24
232.809	4.55672e-24
233.346	4.55988e-24
233.884	4.56306e-24
234.423	4.56625e-24
234.963	4.56945e-24
235.505	4.57267e-24
236.048	4.5759e-24
236.592	4.57914e-24
237.137	4.5824e-24
237.684	4.58566e-24
238.232	4.58895e-24
238.781	4.59224e-24
239.332	4.59555e-24
239.883	4.59888e-24
240.436	4.60221e-24
240.991	4.60556e-24
241.546	4.60892e-24
242.103	4.6123e-24
242.661	4.61569e-24
243.22	4.61909e-24
243.781	4.62251e-24
244.343	4.62594e-24
244.906	4.62938e-24
245.471	4.63284e-24
246.037	4.63631e-24
246.604	4.63979e-24
247.172	4.64329e-24
247.742	4.6468e-24
248.313	4.65033e-24
248.886	4.65387e-24
249.459	4.65742e-24
250.035	4.66098e-24
250.611	4.66456e-24
251.189	4.66816e-24
251.768	4.67176e-24
252.348	4.67538e-24
252.93	4.67902e-24
253.513	4.68267e-24
254.097	4.68633e-24
254.683	4.69e-24
255.27	4.69369e-24
255.859	4.6974e-24
256.448	4.70112e-24
257.04	4.70485e-24
257.632	4.7086e-24
258.226	4.71236e-24
258.821	4.71613e-24
259.418	4.71992e-24
260.016	4.72372e-24
260.615	4.72754e-24
261.216	4.73137e-24
261.818	4.73522e-24
262.422	4.73908e-24
263.027	4.74295e-24
263.633	4.74684e-24
264.241	4.75075e-24
264.85	4.75467e-24
265.461	4.7586e-24
266.073	4.76255e-24
266.686	4.76651e-24
267.301	4.77049e-24
267.917	4.77448e-24
268.534	4.77849e-24
269.153	4.78251e-24
269.774	4.78655e-24
270.396	4.79061e-24
271.019	4.79467e-24
271.644	4.79876e-24
272.27	4.80286e-24
272.898	4.80697e-24
273.527	4.8111e-24
274.157	4.81525e-24
274.789	4.81941e-24
275.423	4.82358e-24
276.058	4.82777e-24
276.694	4.83198e-24
277.332	4.83621e-24
277.971	4.84045e-24
278.612	4.8447e-24
279.254	4.84897e-24
279.898	4.85326e-24
280.543	4.85757e-24
281.19	4.86189e-24
281.838	4.86623e-24
282.488	4.87058e-24
283.139	4.87495e-24
283.792	4.87934e-24
284.446	4.88374e-24
285.102	4.88816e-24
285.759	4.8926e-24
286.418	4.89705e-24
287.078	4.90153e-24
287.74	4.90602e-24
288.403	4.91052e-24
289.068	4.91505e-24
289.734	4.91959e-24
290.402	4.92415e-24
291.072	4.92873e-24
291.743	4.93333e-24
292.415	4.93794e-24
293.089	4.94258e-24
293.765	4.94723e-24
294.442	4.9519e-24
295.121	4.95659e-24
295.801	4.9613e-24
296.483	4.96603e-24
297.167	4.97078e-24
297.852	4.97554e-24
298.538	4.98033e-24
299.226	4.98514e-24
299.916	4.98997e-24
300.608	4.99482e-24
301.301	4.99969e-24
301.995	5.00458e-24
302.691	5.00949e-24
303.389	5.01443e-24
304.089	5.01939e-24
304.789	5.02437e-24
305.492	5.02937e-24
306.196	5.0344e-24
306.902	5.03945e-24
307.61	5.04452e-24
308.319	5.04962e-24
309.03	5.05475e-24
309.742	5.0599e-24
310.456	5.06507e-24
311.172	5.07028e-24
311.889	5.07551e-24
312.608	5.08077e-24
313.329	5.08607e-24
314.051	5.09139e-24
314.775	5.09674e-24
315.5	5.10213e-24
316.228	5.10755e-24
316.957	5.113e-24
317.687	5.11849e-24
318.42	5.12402e-24
319.154	5.12959e-24
319.89	5.1352e-24
320.627	5.14085e-24
321.366	5.14655e-24
322.107	5.1523e-24
322.849	5.1581e-24
323.594	5.16395e-24
324.34	5.16986e-24
325.087	5.17584e-24
325.837	5.18187e-24
326.588	5.18798e-24
327.341	5.19417e-24
328.095	5.20044e-24
328.852	5.2068e-24
329.61	5.21326e-24
330.37	5.21982e-24
331.131	5.22651e-24
331.894	5.23332e-24
332.66	5.24028e-24
333.426	5.24741e-24
334.195	5.25472e-24
334.965	5.26224e-24
335.738	5.26999e-24
336.512	5.27802e-24
337.287	5.28635e-24
338.065	5.29505e-24
338.844	5.30417e-24
339.625	5.31379e-24
340.408	5.32399e-24
341.193	5.33491e-24
341.979	5.34668e-24
342.768	5.35951e-24
343.558	5.37363e-24
344.35	5.3894e-24
345.144	5.40724e-24
345.939	5.4278e-24
346.737	5.45192e-24
347.536	5.48087e-24
348.337	5.5165e-24
349.14	5.56163e-24
349.945	5.62081e-24
350.752	5.70157e-24
351.56	5.81732e-24
352.371	5.99355e-24
353.183	6.28369e-24
353.997	6.81471e-24
354.813	7.95043e-24
355.631	1.11269e-23
356.451	2.97249e-23
357.273	2.93182e-23
358.096	1.10245e-23
358.922	7.89473e-24
359.749	6.78885e-24
360.579	6.28191e-24
361.41	6.01259e-24
362.243	5.85504e-24
363.078	5.75653e-24
363.915	5.69197e-24
364.754	5.64826e-24
365.595	5.61802e-24
366.438	5.59686e-24
367.282	5.58205e-24
368.129	5.5718e-24
368.978	5.5649e-24
369.828	5.56053e-24
370.681	5.55811e-24
371.535	5.55721e-24
372.392	5.5575e-24
373.25	5.55877e-24
374.111	5.56082e-24
374.973	5.56351e-24
375.837	5.56674e-24
376.704	5.57042e-24
377.572	5.57449e-24
378.443	5.57887e-24
379.315	5.58354e-24
380.189	5.58846e-24
381.066	5.59358e-24
381.944	5.59889e-24
382.825	5.60437e-24
383.707	5.60999e-24
384.592	5.61574e-24
385.478	5.62162e-24
386.367	5.6276e-24
387.258	5.63368e-24
388.15	5.63985e-24
389.045	5.6461e-24
389.942	5.65243e-24
390.841	5.65883e-24
391.742	5.66529e-24
392.645	5.67182e-24
393.55	5.6784e-24
394.457	5.68505e-24
395.367	5.69174e-24
396.278	5.69848e-24
397.192	5.70527e-24
398.107	5.71211e-24
399.025	5.71899e-24
399.945	5.72591e-24
400.867	5.73287e-24
401.791	5.73987e-24
402.717	5.74691e-24
403.645	5.75399e-24
404.576	5.7611e-24
405.509	5.76825e-24
406.443	5.77543e-24
407.38	5.78265e-24
408.319	5.7899e-24
409.261	5.79718e-24
410.204	5.8045e-24
411.15	5.81184e-24
412.098	5.81922e-24
413.048	5.82663e-24
414	5.83407e-24
414.954	5.84154e-24
415.911	5.84904e-24
416.869	5.85657e-24
417.83	5.86412e-24
418.794	5.87171e-24
419.759	5.87933e-24
420.727	5.88697e-24
421.697	5.89465e-24
422.669	5.90235e-24
423.643	5.91008e-24
424.62	5.91784e-24
425.598	5.92562e-24
426.58	5.93344e-24
427.563	5.94128e-24
428.549	5.94915e-24
429.536	5.95705e-24
430.527	5.96497e-24
431.519	5.97293e-24
432.514	5.98091e-24
433.511	5.98892e-24
434.51	5.99696e-24
435.512	6.00502e-24
436.516	6.01311e-24
437.522	6.02123e-24
438.531	6.02938e-24
439.542	6.03755e-24
440.555	6.04575e-24
441.57	6.05398e-24
442.588	6.06224e-24
443.609	6.07053e-24
444.631	6.07884e-24
445.656	6.08718e-24
446.684	6.09555e-24
447.713	6.10394e-24
448.745	6.11236e-24
449.78	6.12081e-24
450.817	6.12929e-24
451.856	6.1378e-24
452.898	6.14633e-24
453.942	6.15489e-24
454.988	6.16348e-24
456.037	6.1721e-24
457.088	6.18075e-24
458.142	6.18942e-24
459.198	6.19812e-24
460.257	6.20685e-24
461.318	6.21561e-24
462.381	6.22439e-24
463.447	6.23321e-24
464.515	6.24205e-24
465.586	6.25092e-24
466.659	6.25982e-24
467.735	6.26875e-24
468.813	6.2777e-24
469.894	6.28669e-24
470.977	6.2957e-24
472.063	6.30474e-24
473.151	6.31381e-24
474.242	6.32291e-24
475.335	6.33204e-24
476.431	6.3412e-24
477.529	6.35038e-24
478.63	6.3596e-24
479.733	6.36884e-24
480.839	6.37811e-24
481.948	6.38741e-24
483.059	6.39675e-24
484.172	6.40611e-24
485.289	6.4155e-24
486.407	6.42491e-24
487.528	6.43436e-24
488.652	6.44384e-24
489.779	6.45335e-24
490.908	6.46289e-24
492.04	6.47246e-24
493.174	6.48205e-24
494.311	6.49168e-24
495.45	6.50134e-24
496.592	6.51102e-24
497.737	6.52074e-24
498.884	6.53049e-24
500.035	6.54027e-24
501.187	6.55008e-24
502.343	6.55991e-24
503.501	6.56978e-24
504.661	6.57968e-24
505.825	6.58961e-24
506.991	6.59957e-24
508.159	6.60956e-24
509.331	6.61959e-24
510.505	6.62964e-24
511.682	6.63972e-24
512.861	6.64984e-24
514.044	6.65999e-24
515.229	6.67016e-24
516.416	6.68037e-24
517.607	6.69061e-24
518.8	6.70088e-24
519.996	6.71119e-24
521.195	6.72152e-24
522.396	6.73189e-24
523.6	6.74229e-24
524.807	6.75272e-24
526.017	6.76318e-24
527.23	6.77367e-24
528.445	6.7842e-24
529.663	6.79476e-24
530.884	6.80535e-24
532.108	6.81597e-24
533.335	6.82662e-24
534.564	6.83731e-24
535.797	6.84803e-24
537.032	6.85878e-24
538.27	6.86957e-24
539.511	6.88039e-24
540.754	6.89124e-24
542.001	6.90213e-24
543.25	6.91304e-24
544.503	6.92399e-24
545.758	6.93498e-24
547.016	6.946e-24
548.277	6.95705e-24
549.541	6.96813e-24
550.808	6.97925e-24
552.077	6.99041e-24
553.35	7.00159e-24
554.626	7.01282e-24
555.904	7.02407e-24
557.186	7.03536e-24
558.47	7.04669e-24
559.758	7.05805e-24
561.048	7.06944e-24
562.341	7.08087e-24
563.638	7.09234e-24
564.937	7.10384e-24
566.239	7.11537e-24
567.545	7.12694e-24
568.853	7.13855e-24
570.164	7.1502e-24
571.479	7.16188e-24
572.796	7.17359e-24
574.116	7.18535e-24
575.44	7.19714e-24
576.766	7.20897e-24
578.096	7.22084e-24
579.429	7.23274e-24
580.764	7.24469e-24
582.103	7.25667e-24
583.445	7.2687e-24
584.79	7.28076e-24
586.138	7.29287e-24
587.489	7.30501e-24
588.844	7.31721e-24
590.201	7.32944e-24
591.562	7.34172e-24
592.925	7.35405e-24
594.292	7.36642e-24
595.662	7.37884e-24
597.035	7.39132e-24
598.412	7.40385e-24
599.791	7.41644e-24
601.174	7.42909e-24
602.56	7.4418e-24
603.949	7.45459e-24
605.341	7.46745e-24
606.736	7.4804e-24
608.135	7.49345e-24
609.537	7.50661e-24
610.942	7.51989e-24
612.35	7.53333e-24
613.762	7.54695e-24
615.177	7.5608e-24
616.595	7.57493e-24
618.016	7.58944e-24
619.441	7.60445e-24
620.869	7.62014e-24
622.3	7.63683e-24
623.735	7.65502e-24
625.173	7.67559e-24
626.614	7.70023e-24
628.058	7.73243e-24
629.506	7.78055e-24
630.957	7.86879e-24
632.412	8.09358e-24
633.87	9.18574e-24
635.331	2.13765e-22
636.796	9.07502e-24
638.263	8.11878e-24
639.735	7.93577e-24
641.21	7.87901e-24
642.688	7.85978e-24
644.169	7.85551e-24
645.654	7.85836e-24
647.143	7.86502e-24
648.634	7.87392e-24
650.13	7.88423e-24
651.628	7.89546e-24
653.131	7.90734e-24
654.636	7.91969e-24
656.145	7.93238e-24
657.658	7.94534e-24
659.174	7.95851e-24
660.693	7.97186e-24
662.217	7.98535e-24
663.743	7.99896e-24
665.273	8.01268e-24
666.807	8.02649e-24
668.344	8.04039e-24
669.885	8.05436e-24
671.429	8.0684e-24
672.977	8.08251e-24
674.528	8.09668e-24
676.083	8.11091e-24
677.642	8.1252e-24
679.204	8.13954e-24
680.769	8.15393e-24
682.339	8.16838e-24
683.912	8.18287e-24
685.488	8.19742e-24
687.068	8.21201e-24
688.652	8.22665e-24
690.24	8.24134e-24
691.831	8.25607e-24
693.426	8.27085e-24
695.024	8.28567e-24
696.627	8.30054e-24
698.232	8.31545e-24
699.842	8.33041e-24
701.455	8.34541e-24
703.072	8.36046e-24
704.693	8.37555e-24
706.318	8.39069e-24
707.946	8.40587e-24
709.578	8.42109e-24
711.214	8.43636e-24
712.853	8.45167e-24
714.496	8.46703e-24
716.143	8.48243e-24
717.794	8.49787e-24
719.449	8.51336e-24
721.107	8.52889e-24
722.77	8.54447e-24
724.436	8.56008e-24
726.106	8.57575e-24
727.78	8.59146e-24
729.458	8.60721e-24
731.139	8.623e-24
732.825	8.63884e-24
734.514	8.65473e-24
736.207	8.67066e-24
737.904	8.68663e-24
739.605	8.70265e-24
741.31	8.71871e-24
743.019	8.73482e-24
744.732	8.75097e-24
746.449	8.76717e-24
748.17	8.78341e-24
749.894	8.7997e-24
751.623	8.81603e-24
753.356	8.83241e-24
755.092	8.84883e-24
756.833	8.86529e-24
758.578	8.88181e-24
760.326	8.89837e-24
762.079	8.91497e-24
763.836	8.93162e-24
765.597	8.94831e-24
767.361	8.96505e-24
769.13	8.98184e-24
770.903	8.99867e-24
772.681	9.01555e-24
774.462	9.03248e-24
776.247	9.04945e-24
778.037	9.06647e-24
779.83	9.08353e-24
781.628	9.10064e-24
783.43	9.1178e-24
785.236	9.135e-24
787.046	9.15226e-24
788.86	9.16955e-24
790.679	9.1869e-24
792.501	9.20429e-24
794.328	9.22173e-24
796.159	9.23922e-24
797.995	9.25675e-24
799.834	9.27433e-24
801.678	9.29196e-24
803.526	9.30964e-24
805.378	9.32737e-24
807.235	9.34514e-24
809.096	9.36296e-24
810.961	9.38083e-24
812.831	9.39875e-24
814.704	9.41671e-24
816.582	9.43473e-24
818.465	9.45279e-24
820.352	9.4709e-24
822.243	9.48906e-24
824.138	9.50727e-24
826.038	9.52553e-24
827.942	9.54384e-24
829.851	9.5622e-24
831.764	9.5806e-24
833.681	9.59906e-24
835.603	9.61756e-24
837.529	9.63612e-24
839.46	9.65472e-24
841.395	9.67337e-24
843.335	9.69208e-24
845.279	9.71083e-24
847.227	9.72964e-24
849.18	9.74849e-24
851.138	9.7674e-24
853.1	9.78635e-24
855.067	9.80536e-24
857.038	9.82442e-24
859.014	9.84352e-24
860.994	9.86268e-24
862.979	9.88189e-24
864.968	9.90115e-24
866.962	9.92046e-24
868.96	9.93983e-24
870.964	9.95924e-24
872.971	9.97871e-24
874.984	9.99823e-24
877.001	1.00178e-23
879.023	1.00374e-23
881.049	1.00571e-23
883.08	1.00768e-23
885.116	1.00966e-23
887.156	1.01164e-23
889.201	1.01363e-23
891.251	1.01563e-23
893.305	1.01762e-23
895.365	1.01963e-23
897.429	1.02164e-23
899.498	1.02365e-23
901.571	1.02567e-23
903.649	1.0277e-23
905.733	1.02973e-23
907.821	1.03177e-23
909.913	1.03381e-23
912.011	1.03586e-23
914.113	1.03791e-23
916.22	1.03997e-23
918.333	1.04203e-23
920.45	1.0441e-23
922.571	1.04617e-23
924.698	1.04825e-23
926.83	1.05034e-23
928.966	1.05243e-23
931.108	1.05453e-23
933.254	1.05663e-23
935.406	1.05874e-23
937.562	1.06085e-23
939.723	1.06297e-23
941.89	1.0651e-23
944.061	1.06723e-23
946.237	1.06937e-23
948.418	1.07151e-23
950.605	1.07366e-23
952.796	1.07582e-23
954.993	1.07798e-23
957.194	1.08015e-23
959.401	1.08232e-23
961.612	1.08451e-23
963.829	1.0867e-23
966.051	1.0889e-23
968.278	1.0911e-23
970.51	1.09332e-23
972.747	1.09556e-23
974.99	1.0978e-23
977.237	1.10007e-23
979.49	1.10237e-23
981.748	1.10471e-23
984.011	1.10713e-23
986.279	1.1097e-23
988.553	1.11259e-23
990.832	1.11647e-23
993.116	1.12488e-23
995.405	1.22185e-23
997.7	1.17348e-23
1000	1.1296e-23
1002.31	1.12726e-23
1004.62	1.12821e-23
1006.93	1.12994e-23
1009.25	1.13195e-23
1011.58	1.13409e-23
1013.91	1.13629e-23
1016.25	1.13853e-23
1018.59	1.1408e-23
1020.94	1.14309e-23
1023.29	1.1454e-23
1025.65	1.14771e-23
1028.02	1.15004e-23
1030.39	1.15237e-23
1032.76	1.15472e-23
1035.14	1.15707e-23
1037.53	1.15943e-23
1039.92	1.16179e-23
1042.32	1.16417e-23
1044.72	1.16655e-23
1047.13	1.16894e-23
1049.54	1.17133e-23
1051.96	1.17373e-23
1054.39	1.17614e-23
1056.82	1.17855e-23
1059.25	1.18097e-23
1061.7	1.18339e-23
1064.14	1.18583e-23
1066.6	1.18827e-23
1069.05	1.19071e-23
1071.52	1.19316e-23
1073.99	1.19562e-23
1076.47	1.19808e-23
1078.95	1.20055e-23
1081.43	1.20303e-23
1083.93	1.20551e-23
1086.43	1.208e-23
1088.93	1.2105e-23
1091.44	1.213e-23
1093.96	1.21551e-23
1096.48	1.21803e-23
1099.01	1.22055e-23
1101.54	1.22308e-23
1104.08	1.22561e-23
1106.62	1.22815e-23
1109.17	1.2307e-23
1111.73	1.23325e-23
1114.29	1.23581e-23
1116.86	1.23838e-23
1119.44	1.24095e-23
1122.02	1.24353e-23
1124.6	1.24612e-23
1127.2	1.24871e-23
1129.8	1.25131e-23
1132.4	1.25392e-23
1135.01	1.25653e-23
1137.63	1.25915e-23
1140.25	1.26178e-23
1142.88	1.26441e-23
1145.51	1.26705e-23
1148.15	1.26969e-23
1150.8	1.27235e-23
1153.45	1.27501e-23
1156.11	1.27767e-23
1158.78	1.28034e-23
1161.45	1.28302e-23
1164.13	1.28571e-23
1166.81	1.2884e-23
1169.5	1.2911e-23
1172.2	1.29381e-23
1174.9	1.29652e-23
1177.61	1.29924e-23
1180.32	1.30197e-23
1183.04	1.3047e-23
1185.77	1.30744e-23
1188.5	1.31019e-23
1191.24	1.31295e-23
1193.99	1.31571e-23
1196.74	1.31848e-23
1199.5	1.32125e-23
1202.26	1.32403e-23
1205.04	1.32682e-23
1207.81	1.32962e-23
1210.6	1.33242e-23
1213.39	1.33523e-23
1216.19	1.33805e-23
1218.99	1.34088e-23
1221.8	1.34371e-23
1224.62	1.34655e-23
1227.44	1.34939e-23
1230.27	1.35224e-23
1233.1	1.3551e-23
1235.95	1.35797e-23
1238.8	1.36084e-23
1241.65	1.36373e-23
1244.51	1.36661e-23
1247.38	1.36951e-23
1250.26	1.37241e-23
1253.14	1.37532e-23
1256.03	1.37824e-23
1258.93	1.38116e-23
1261.83	1.3841e-23
1264.74	1.38704e-23
1267.65	1.38998e-23
1270.57	1.39294e-23
1273.5	1.3959e-23
1276.44	1.39887e-23
1279.38	1.40184e-23
1282.33	1.40483e-23
1285.29	1.40782e-23
1288.25	1.41081e-23
1291.22	1.41382e-23
1294.2	1.41683e-23
1297.18	1.41985e-23
1300.17	1.42288e-23
1303.17	1.42592e-23
1306.17	1.42896e-23
1309.18	1.43201e-23
1312.2	1.43507e-23
1315.22	1.43813e-23
1318.26	1.44121e-23
1321.3	1.44429e-23
1324.34	1.44738e-23
1327.39	1.45047e-23
1330.45	1.45358e-23
1333.52	1.45669e-23
1336.6	1.45981e-23
1339.68	1.46294e-23
1342.76	1.46607e-23
1345.86	1.46921e-23
1348.96	1.47236e-23
1352.07	1.47552e-23
1355.19	1.47869e-23
1358.31	1.48186e-23
1361.44	1.48504e-23
1364.58	1.48823e-23
1367.73	1.49143e-23
1370.88	1.49464e-23
1374.04	1.49785e-23
1377.21	1.50107e-23
1380.38	1.5043e-23
1383.57	1.50754e-23
1386.76	1.51078e-23
1389.95	1.51404e-23
1393.16	1.5173e-23
1396.37	1.52057e-23
1399.59	1.52385e-23
1402.81	1.52714e-23
1406.05	1.53043e-23
1409.29	1.53374e-23
1412.54	1.53705e-23
1415.79	1.54038e-23
1419.06	1.54372e-23
1422.33	1.54708e-23
1425.61	1.55045e-23
1428.89	1.55386e-23
1432.19	1.55735e-23
1435.49	1.56105e-23
1438.8	1.56583e-23
1442.12	1.61554e-23
1445.44	1.57629e-23
1448.77	1.57499e-23
1452.11	1.57777e-23
1455.46	1.58099e-23
1458.81	1.58433e-23
1462.18	1.58772e-23
1465.55	1.59114e-23
1468.93	1.59457e-23
1472.31	1.59802e-23
1475.71	1.60147e-23
1479.11	1.60494e-23
1482.52	1.60842e-23
1485.94	1.61191e-23
1489.36	1.61541e-23
1492.79	1.61891e-23
1496.24	1.62243e-23
1499.68	1.62595e-23
1503.14	1.62949e-23
1506.61	1.63303e-23
1510.08	1.63658e-23
1513.56	1.64014e-23
1517.05	1.64371e-23
1520.55	1.64728e-23
1524.05	1.65087e-23
1527.57	1.65446e-23
1531.09	1.65807e-23
1534.62	1.66168e-23
1538.15	1.6653e-23
1541.7	1.66893e-23
1545.25	1.67257e-23
1548.82	1.67622e-23
1552.39	1.67987e-23
1555.97	1.68354e-23
1559.55	1.68721e-23
1563.15	1.6909e-23
1566.75	1.69459e-23
1570.36	1.69829e-23
1573.98	1.702e-23
1577.61	1.70572e-23
1581.25	1.70945e-23
1584.89	1.71318e-23
1588.55	1.71693e-23
1592.21	1.72069e-23
1595.88	1.72445e-23
1599.56	1.72822e-23
1603.25	1.73201e-23
1606.94	1.7358e-23
1610.65	1.7396e-23
1614.36	1.74341e-23
1618.08	1.74723e-23
1621.81	1.75106e-23
1625.55	1.7549e-23
1629.3	1.75874e-23
1633.05	1.7626e-23
1636.82	1.76647e-23
1640.59	1.77034e-23
1644.37	1.77423e-23
1648.16	1.77812e-23
1651.96	1.78202e-23
1655.77	1.78594e-23
1659.59	1.78986e-23
1663.41	1.79379e-23
1667.25	1.79773e-23
1671.09	1.80168e-23
1674.94	1.80564e-23
1678.8	1.80961e-23
1682.67	1.81359e-23
1686.55	1.81758e-23
1690.44	1.82158e-23
1694.34	1.82559e-23
1698.24	1.82961e-23
1702.16	1.83364e-23
1706.08	1.83767e-23
1710.02	1.84172e-23
1713.96	1.84578e-23
1717.91	1.84984e-23
1721.87	1.85392e-23
1725.84	1.85801e-23
1729.82	1.8621e-23
1733.8	1.86621e-23
1737.8	1.87032e-23
1741.81	1.87445e-23
1745.82	1.87859e-23
1749.85	1.88273e-23
1753.88	1.88689e-23
1757.92	1.89105e-23
1761.98	1.89523e-23
1766.04	1.89941e-23
1770.11	1.90361e-23
1774.19	1.90782e-23
1778.28	1.91203e-23
1782.38	1.91626e-23
1786.49	1.92049e-23
1790.61	1.92474e-23
1794.73	1.929e-23
1798.87	1.93326e-23
1803.02	1.93754e-23
1807.17	1.94183e-23
1811.34	1.94613e-23
1815.52	1.95043e-23
1819.7	1.95475e-23
1823.9	1.95908e-23
1828.1	1.96342e-23
1832.31	1.96777e-23
1836.54	1.97213e-23
1840.77	1.9765e-23
1845.02	1.98088e-23
1849.27	1.98527e-23
1853.53	1.98967e-23
1857.8	1.99408e-23
1862.09	1.99851e-23
1866.38	2.00294e-23
1870.68	2.00738e-23
1874.99	2.01184e-23
1879.32	2.0163e-23
1883.65	2.02078e-23
1887.99	2.02527e-23
1892.34	2.02976e-23
1896.71	2.03427e-23
1901.08	2.03879e-23
1905.46	2.04332e-23
1909.85	2.04786e-23
1914.26	2.05241e-23
1918.67	2.05698e-23
1923.09	2.06155e-23
1927.52	2.06614e-23
1931.97	2.07073e-23
1936.42	2.07534e-23
1940.89	2.07996e-23
1945.36	2.08459e-23
1949.84	2.08924e-23
1954.34	2.09389e-23
1958.84	2.09857e-23
1963.36	2.10328e-23
1967.89	2.10808e-23
1972.42	2.1135e-23
1976.97	2.15865e-23
1981.53	2.12254e-23
1986.09	2.12688e-23
1990.67	2.13153e-23
1995.26	2.13626e-23
1999.86	2.141e-23
2004.47	2.14577e-23
2009.09	2.15055e-23
2013.72	2.15534e-23
2018.37	2.16015e-23
2023.02	2.16497e-23
2027.68	2.16979e-23
2032.36	2.17464e-23
2037.04	2.17949e-23
2041.74	2.18435e-23
2046.44	2.18923e-23
2051.16	2.19412e-23
2055.89	2.19902e-23
2060.63	2.20393e-23
2065.38	2.20885e-23
2070.14	2.21379e-23
2074.91	2.21873e-23
2079.7	2.22369e-23
2084.49	2.22866e-23
2089.3	2.23364e-23
2094.11	2.23864e-23
2098.94	2.24364e-23
2103.78	2.24866e-23
2108.63	2.25369e-23
2113.49	2.25873e-23
2118.36	2.26378e-23
2123.24	2.26885e-23
2128.14	2.27393e-23
2133.04	2.27902e-23
2137.96	2.28412e-23
2142.89	2.28923e-23
2147.83	2.29436e-23
2152.78	2.29949e-23
2157.74	2.30464e-23
2162.72	2.30981e-23
2167.7	2.31498e-23
2172.7	2.32017e-23
2177.71	2.32537e-23
2182.73	2.33058e-23
2187.76	2.3358e-23
2192.8	2.34104e-23
2197.86	2.34629e-23
2202.93	2.35155e-23
2208	2.35682e-23
2213.09	2.36211e-23
2218.2	2.36741e-23
2223.31	2.37272e-23
2228.44	2.37804e-23
2233.57	2.38338e-23
2238.72	2.38872e-23
2243.88	2.39409e-23
2249.05	2.39946e-23
2254.24	2.40485e-23
2259.44	2.41025e-23
2264.64	2.41566e-23
2269.86	2.42108e-23
2275.1	2.42652e-23
2280.34	2.43197e-23
2285.6	2.43744e-23
2290.87	2.44291e-23
2296.15	2.4484e-23
2301.44	2.45391e-23
2306.75	2.45942e-23
2312.06	2.46495e-23
2317.39	2.47049e-23
2322.74	2.47605e-23
2328.09	2.48161e-23
2333.46	2.4872e-23
2338.84	2.49279e-23
2344.23	2.4984e-23
2349.63	2.50402e-23
2355.05	2.50965e-23
2360.48	2.5153e-23
2365.92	2.52096e-23
2371.37	2.52663e-23
2376.84	2.53232e-23
2382.32	2.53802e-23
2387.81	2.54374e-23
2393.32	2.54946e-23
2398.83	2.55521e-23
2404.36	2.56096e-23
2409.91	2.56673e-23
2415.46	2.57251e-23
2421.03	2.57831e-23
2426.61	2.58412e-23
2432.2	2.58994e-23
2437.81	2.59577e-23
2443.43	2.60163e-23
2449.06	2.60749e-23
2454.71	2.61337e-23
2460.37	2.61926e-23
2466.04	2.62517e-23
2471.72	2.63108e-23
2477.42	2.63702e-23
2483.13	2.64297e-23
2488.86	2.64893e-23
2494.59	2.6549e-23
2500.35	2.66089e-23
2506.11	2.6669e-23
2511.89	2.67292e-23
2517.68	2.67895e-23
2523.48	2.68499e-23
2529.3	2.69106e-23
2535.13	2.69713e-23
2540.97	2.70322e-23
2546.83	2.70932e-23
2552.7	2.71544e-23
2558.59	2.72158e-23
2564.48	2.72772e-23
2570.4	2.73389e-23
2576.32	2.74007e-23
2582.26	2.74627e-23
2588.21	2.75253e-23
2594.18	2.75938e-23
2600.16	2.76567e-23
2606.15	2.77123e-23
2612.16	2.77744e-23
2618.18	2.78371e-23
2624.22	2.78999e-23
2630.27	2.7963e-23
2636.33	2.80262e-23
2642.41	2.80896e-23
2648.5	2.81531e-23
2654.61	2.82167e-23
2660.73	2.82805e-23
2666.86	2.83445e-23
2673.01	2.84086e-23
2679.17	2.84729e-23
2685.34	2.85373e-23
2691.53	2.86019e-23
2697.74	2.86666e-23
2703.96	2.87315e-23
2710.19	2.87965e-23
2716.44	2.88617e-23
2722.7	2.8927e-23
2728.98	2.89925e-23
2735.27	2.90582e-23
2741.57	2.9124e-23
2747.89	2.91899e-23
2754.23	2.9256e-23
2760.58	2.93223e-23
2766.94	2.93887e-23
2773.32	2.94553e-23
2779.71	2.9522e-23
2786.12	2.95889e-23
2792.54	2.96559e-23
2798.98	2.97231e-23
2805.43	2.97905e-23
2811.9	2.9858e-23
2818.38	2.99256e-23
2824.88	2.99935e-23
2831.39	3.00615e-23
2837.92	3.01296e-23
2844.46	3.01979e-23
2851.02	3.02664e-23
2857.59	3.0335e-23
2864.18	3.04038e-23
2870.78	3.04727e-23
2877.4	3.05419e-23
2884.03	3.06111e-23
2890.68	3.06806e-23
2897.34	3.07502e-23
2904.02	3.08199e-23
2910.72	3.08899e-23
2917.43	3.09599e-23
2924.15	3.10302e-23
2930.89	3.11006e-23
2937.65	3.11712e-23
2944.42	3.12419e-23
2951.21	3.13129e-23
2958.01	3.13839e-23
2964.83	3.14552e-23
2971.67	3.15266e-23
2978.52	3.15982e-23
2985.38	3.16699e-23
2992.26	3.17418e-23
2999.16	3.18139e-23
3006.08	3.18862e-23
3013.01	3.19586e-23
3019.95	3.20312e-23
3026.91	3.21039e-23
3033.89	3.21769e-23
3040.89	3.225e-23
3047.89	3.23233e-23
3054.92	3.23967e-23
3061.96	3.24703e-23
3069.02	3.25441e-23
3076.1	3.26181e-23
3083.19	3.26922e-23
3090.3	3.27665e-23
3097.42	3.2841e-23
3104.56	3.29156e-23
3111.72	3.29905e-23
3118.89	3.30655e-23
3126.08	3.31406e-23
3133.29	3.3216e-23
3140.51	3.32915e-23
3147.75	3.33672e-23
3155	3.34431e-23
3162.28	3.35192e-23
3169.57	3.35954e-23
3176.87	3.36718e-23
3184.2	3.37484e-23
3191.54	3.38252e-23
3198.9	3.39022e-23
3206.27	3.39793e-23
3213.66	3.40566e-23
3221.07	3.41341e-23
3228.49	3.42118e-23
3235.94	3.42896e-23
3243.4	3.43677e-23
3250.87	3.44459e-23
3258.37	3.45243e-23
3265.88	3.46029e-23
3273.41	3.46817e-23
3280.95	3.47607e-23
3288.52	3.48398e-23
3296.1	3.49194e-23
3303.7	3.50056e-23
3311.31	3.50793e-23
3318.94	3.51583e-23
3326.6	3.52383e-23
3334.26	3.53185e-23
3341.95	3.53989e-23
3349.65	3.54795e-23
3357.38	3.55603e-23
3365.12	3.56413e-23
3372.87	3.57225e-23
3380.65	3.58039e-23
3388.44	3.58855e-23
3396.25	3.59673e-23
3404.08	3.60492e-23
3411.93	3.61313e-23
3419.79	3.62137e-23
3427.68	3.62962e-23
3435.58	3.63789e-23
3443.5	3.64618e-23
3451.44	3.6545e-23
3459.39	3.66283e-23
3467.37	3.67117e-23
3475.36	3.67954e-23
3483.37	3.68793e-23
3491.4	3.69634e-23
3499.45	3.70477e-23
3507.52	3.71321e-23
3515.6	3.72168e-23
3523.71	3.73017e-23
3531.83	3.73867e-23
3539.97	3.7472e-23
3548.13	3.75575e-23
3556.31	3.76431e-23
3564.51	3.7729e-23
3572.73	3.7815e-23
3580.96	3.79013e-23
3589.22	3.79878e-23
3597.49	3.80744e-23
3605.79	3.81613e-23
3614.1	3.82484e-23
3622.43	3.83356e-23
3630.78	3.84231e-23
3639.15	3.85108e-23
3647.54	3.85987e-23
3655.95	3.86867e-23
3664.38	3.8775e-23
3672.82	3.88635e-23
3681.29	3.89522e-23
3689.78	3.90411e-23
3698.28	3.91303e-23
3706.81	3.92196e-23
3715.35	3.93091e-23
3723.92	3.93988e-23
3732.5	3.94888e-23
3741.11	3.95789e-23
3749.73	3.96693e-23
3758.37	3.97599e-23
3767.04	3.98507e-23
3775.72	3.99417e-23
3784.43	4.00329e-23
3793.15	4.01243e-23
3801.89	4.0216e-23
3810.66	4.03078e-23
3819.44	4.03999e-23
3828.25	4.04921e-23
3837.07	4.05846e-23
3845.92	4.06773e-23
3854.78	4.07703e-23
3863.67	4.08634e-23
3872.58	4.09568e-23
3881.5	4.10503e-23
3890.45	4.11441e-23
3899.42	4.12381e-23
3908.41	4.13324e-23
3917.42	4.14268e-23
3926.45	4.15215e-23
3935.5	4.16164e-23
3944.57	4.17115e-23
3953.67	4.18068e-23
3962.78	4.19023e-23
3971.92	4.19981e-23
3981.07	4.20941e-23
3990.25	4.21903e-23
3999.45	4.22868e-23
4008.67	4.23834e-23
4017.91	4.24803e-23
4027.17	4.25774e-23
4036.45	4.26748e-23
4045.76	4.27724e-23
4055.09	4.28702e-23
4064.43	4.29682e-23
4073.8	4.30664e-23
4083.19	4.31649e-23
4092.61	4.32638e-23
4102.04	4.34839e-23
4111.5	4.34619e-23
4120.98	4.35611e-23
4130.48	4.36607e-23
4140	4.37606e-23
4149.54	4.38607e-23
4159.11	4.3961e-23
4168.69	4.40616e-23
4178.3	4.41623e-23
4187.94	4.42634e-23
4197.59	4.43646e-23
4207.27	4.44661e-23
4216.97	4.45679e-23
4226.69	4.46698e-23
4236.43	4.4772e-23
4246.2	4.48745e-23
4255.98	4.49771e-23
4265.8	4.50801e-23
4275.63	4.51832e-23
4285.49	4.52866e-23
4295.36	4.53902e-23
4305.27	4.54941e-23
4315.19	4.55982e-23
4325.14	4.57026e-23
4335.11	4.58072e-23
4345.1	4.5912e-23
4355.12	4.60171e-23
4365.16	4.61225e-23
4375.22	4.6228e-23
4385.31	4.63339e-23
4395.42	4.64399e-23
4405.55	4.65462e-23
4415.7	4.66528e-23
4425.88	4.67596e-23
4436.09	4.68667e-23
4446.31	4.6974e-23
4456.56	4.70815e-23
4466.84	4.71893e-23
4477.13	4.72974e-23
4487.45	4.74057e-23
4497.8	4.75142e-23
4508.17	4.7623e-23
4518.56	4.77321e-23
4528.98	4.78414e-23
4539.42	4.7951e-23
4549.88	4.80608e-23
4560.37	4.81709e-23
4570.88	4.82812e-23
4581.42	4.83918e-23
4591.98	4.85026e-23
4602.57	4.86137e-23
4613.18	4.87251e-23
4623.81	4.88367e-23
4634.47	4.89486e-23
4645.15	4.90607e-23
4655.86	4.91731e-23
4666.59	4.92858e-23
4677.35	4.93987e-23
4688.13	4.95119e-23
4698.94	4.96253e-23
4709.77	4.9739e-23
4720.63	4.9853e-23
4731.51	4.99672e-23
4742.42	5.00817e-23
4753.35	5.01965e-23
4764.31	5.03115e-23
4775.29	5.04268e-23
4786.3	5.05423e-23
4797.33	5.06582e-23
4808.39	5.07743e-23
4819.48	5.08906e-23
4830.59	5.10073e-23
4841.72	5.11242e-23
4852.89	5.12414e-23
4864.07	5.13588e-23
4875.28	5.14766e-23
4886.52	5.15945e-23
4897.79	5.17128e-23
4909.08	5.18314e-23
4920.4	5.19502e-23
4931.74	5.20693e-23
4943.11	5.21887e-23
4954.5	5.23083e-23
4965.92	5.24282e-23
4977.37	5.25485e-23
4988.84	5.2672e-23
5000.35	5.27897e-23
5011.87	5.29107e-23
5023.43	5.3032e-23
5035.01	5.31536e-23
5046.61	5.32755e-23
5058.25	5.33977e-23
5069.91	5.35201e-23
5081.59	5.36429e-23
5093.31	5.37659e-23
5105.05	5.38892e-23
5116.82	5.40128e-23
5128.61	5.41366e-23
5140.44	5.42608e-23
5152.29	5.43853e-23
5164.16	5.451e-23
5176.07	5.4635e-23
5188	5.47603e-23
5199.96	5.4886e-23
5211.95	5.50118e-23
5223.96	5.5138e-23
5236	5.52645e-23
5248.07	5.53913e-23
5260.17	5.55184e-23
5272.3	5.56457e-23
5284.45	5.57734e-23
5296.63	5.59013e-23
5308.84	5.60296e-23
5321.08	5.61581e-23
5333.35	5.6287e-23
5345.64	5.64161e-23
5357.97	5.65456e-23
5370.32	5.66753e-23
5382.7	5.68054e-23
5395.11	5.69357e-23
5407.54	5.70663e-23
5420.01	5.71973e-23
5432.5	5.73285e-23
5445.03	5.74601e-23
5457.58	5.7592e-23
5470.16	5.77241e-23
5482.77	5.78566e-23
5495.41	5.79894e-23
5508.08	5.81225e-23
5520.77	5.82559e-23
5533.5	5.83896e-23
5546.26	5.85236e-23
5559.04	5.86579e-23
5571.86	5.87925e-23
5584.7	5.89275e-23
5597.58	5.90627e-23
5610.48	5.91983e-23
5623.41	5.93342e-23
5636.38	5.94704e-23
5649.37	5.96069e-23
5662.39	5.97437e-23
5675.45	5.98809e-23
5688.53	6.00184e-23
5701.64	6.01561e-23
5714.79	6.02942e-23
5727.96	6.04327e-23
5741.16	6.05714e-23
5754.4	6.07105e-23
5767.66	6.08499e-23
5780.96	6.09896e-23
5794.29	6.11296e-23
5807.64	6.127e-23
5821.03	6.14106e-23
5834.45	6.15516e-23
5847.9	6.1693e-23
5861.38	6.18346e-23
5874.89	6.19766e-23
5888.44	6.21189e-23
5902.01	6.22616e-23
5915.62	6.24046e-23
5929.25	6.25479e-23
5942.92	6.26915e-23
5956.62	6.2836e-23
5970.35	6.29798e-23
5984.12	6.31244e-23
5997.91	6.32694e-23
6011.74	6.34147e-23
6025.6	6.35603e-23
6039.49	6.37063e-23
6053.41	6.38526e-23
6067.36	6.39993e-23
6081.35	6.41463e-23
6095.37	6.42936e-23
6109.42	6.44413e-23
6123.5	6.45893e-23
6137.62	6.47377e-23
6151.77	6.48864e-23
6165.95	6.50354e-23
6180.16	6.51848e-23
6194.41	6.53346e-23
6208.69	6.54847e-23
6223	6.56351e-23
6237.35	6.57859e-23
6251.73	6.5937e-23
6266.14	6.60885e-23
6280.58	6.62403e-23
6295.06	6.63925e-23
6309.57	6.6545e-23
6324.12	6.66979e-23
6338.7	6.68512e-23
6353.31	6.70047e-23
6367.96	6.71587e-23
6382.63	6.7313e-23
6397.35	6.74677e-23
6412.1	6.76227e-23
6426.88	6.77781e-23
6441.69	6.79338e-23
6456.54	6.80899e-23
6471.43	6.82464e-23
6486.34	6.84032e-23
6501.3	6.85604e-23
6516.28	6.87179e-23
6531.31	6.88758e-23
6546.36	6.90341e-23
6561.45	6.91927e-23
6576.58	6.93517e-23
6591.74	6.95111e-23
6606.93	6.96709e-23
6622.17	6.9831e-23
6637.43	6.99915e-23
6652.73	7.01523e-23
6668.07	7.03136e-23
6683.44	7.04752e-23
6698.85	7.06371e-23
6714.29	7.07995e-23
6729.77	7.09622e-23
6745.28	7.11253e-23
6760.83	7.12888e-23
6776.42	7.14526e-23
6792.04	7.16169e-23
6807.69	7.17815e-23
6823.39	7.19465e-23
6839.12	7.21119e-23
6854.88	7.22776e-23
6870.68	7.24438e-23
6886.52	7.26103e-23
6902.4	7.27772e-23
6918.31	7.29445e-23
6934.26	7.31122e-23
6950.24	7.32802e-23
6966.27	7.34487e-23
6982.32	7.36176e-23
6998.42	7.37868e-23
7014.55	7.39565e-23
7030.72	7.41265e-23
7046.93	7.42969e-23
7063.18	7.44677e-23
7079.46	7.46389e-23
7095.78	7.48105e-23
7112.14	7.49825e-23
7128.53	7.51549e-23
7144.96	7.53277e-23
7161.43	7.55009e-23
7177.94	7.56745e-23
7194.49	7.58484e-23
7211.07	7.60228e-23
7227.7	7.61976e-23
7244.36	7.63728e-23
7261.06	7.65485e-23
7277.8	7.67245e-23
7294.58	7.69009e-23
7311.39	7.70777e-23
7328.25	7.7255e-23
7345.14	7.74326e-23
7362.07	7.76107e-23
7379.04	7.77891e-23
7396.05	7.7968e-23
7413.1	7.81473e-23
7430.19	7.8327e-23
7447.32	7.85071e-23
7464.49	7.86877e-23
7481.7	7.88686e-23
7498.94	7.905e-23
7516.23	7.92318e-23
7533.56	7.9414e-23
7550.92	7.95967e-23
7568.33	7.97797e-23
7585.78	7.99632e-23
7603.26	8.01471e-23
7620.79	8.03314e-23
7638.36	8.05162e-23
7655.97	8.07014e-23
7673.61	8.0887e-23
7691.3	8.1073e-23
7709.03	8.12595e-23
7726.81	8.14464e-23
7744.62	8.16337e-23
7762.47	8.18215e-23
7780.37	8.20097e-23
7798.3	8.21983e-23
7816.28	8.23874e-23
7834.3	8.25769e-23
7852.36	8.27668e-23
7870.46	8.29572e-23
7888.6	8.3148e-23
7906.79	8.33393e-23
7925.01	8.3531e-23
7943.28	8.37232e-23
7961.59	8.39157e-23
7979.95	8.41088e-23
7998.34	8.43023e-23
8016.78	8.44962e-23
8035.26	8.46906e-23
8053.78	8.48854e-23
8072.35	8.50807e-23
8090.96	8.52764e-23
8109.61	8.54726e-23
8128.31	8.56692e-23
8147.04	8.58663e-23
8165.82	8.6064e-23
8184.65	8.62619e-23
8203.52	8.64603e-23
8222.43	8.66592e-23
8241.38	8.68586e-23
8260.38	8.70584e-23
8279.42	8.72587e-23
8298.51	8.74595e-23
8317.64	8.76607e-23
8336.81	8.78624e-23
8356.03	8.80646e-23
8375.29	8.82672e-23
8394.6	8.84703e-23
8413.95	8.86738e-23
8433.35	8.88778e-23
8452.79	8.90823e-23
8472.27	8.92873e-23
8491.8	8.94928e-23
8511.38	8.96987e-23
8531	8.99051e-23
8550.67	9.01119e-23
8570.38	9.03193e-23
8590.14	9.05271e-23
8609.94	9.07354e-23
8629.79	9.09442e-23
8649.68	9.11535e-23
8669.62	9.13632e-23
8689.6	9.15735e-23
8709.64	9.17842e-23
8729.71	9.19954e-23
8749.84	9.22071e-23
8770.01	9.24193e-23
8790.23	9.2632e-23
8810.49	9.28451e-23
8830.8	9.30588e-23
8851.16	9.3273e-23
8871.56	9.34876e-23
8892.01	9.37028e-23
8912.51	9.39184e-23
8933.05	9.41345e-23
8953.65	9.43512e-23
8974.29	9.45683e-23
8994.98	9.4786e-23
9015.71	9.50041e-23
9036.49	9.52227e-23
9057.33	9.54419e-23
9078.21	9.56616e-23
9099.13	9.58817e-23
9120.11	9.61024e-23
9141.13	9.63236e-23
9162.2	9.65453e-23
9183.33	9.67675e-23
9204.5	9.69902e-23
9225.71	9.72134e-23
9246.98	9.74372e-23
9268.3	9.76614e-23
9289.66	9.78862e-23
9311.08	9.81115e-23
9332.54	9.83373e-23
9354.06	9.85637e-23
9375.62	9.87905e-23
9397.23	9.90179e-23
9418.9	9.92459e-23
9440.61	9.94743e-23
9462.37	9.97033e-23
9484.18	9.99327e-23
9506.05	1.00163e-22
9527.96	1.00393e-22
9549.93	1.00624e-22
9571.94	1.00856e-22
9594.01	1.01088e-22
9616.12	1.01321e-22
9638.29	1.01554e-22
9660.51	1.01788e-22
9682.78	1.02022e-22
9705.1	1.02257e-22
9727.47	1.02492e-22
9749.9	1.02728e-22
9772.37	1.02965e-22
9794.9	1.03202e-22
9817.48	1.03439e-22
9840.11	1.03678e-22
9862.79	1.03916e-22
9885.53	1.04155e-22
9908.32	1.04395e-22
9931.16	1.04636e-22
9954.05	1.04876e-22
9977	1.05118e-22
10000	1.0536e-22
