  0.0000000000e+00   6.3967928177e-18
  5.0000000000e-01   2.9713192616e-18
  1.0000000000e+00   7.2663828607e-18
  1.5000000000e+00   7.2172774244e-18
  2.0000000000e+00   5.0634889951e-18
  2.5000000000e+00   5.9097031644e-18
  3.0000000000e+00   2.9169119027e-18
  3.5000000000e+00   2.9983339220e-18
  4.0000000000e+00   2.2430777676e-17
  4.5000000000e+00   4.9341808889e-18
  5.0000000000e+00   5.9999748470e-18
  5.5000000000e+00   3.5318897253e-18
  6.0000000000e+00   3.6470213185e-18
  6.5000000000e+00   6.0518711000e-18
  7.0000000000e+00   6.2964325032e-18
  7.5000000000e+00   3.8138326053e-18
  8.0000000000e+00   9.3417718129e-18
  8.5000000000e+00   1.4972985093e-17
  9.0000000000e+00   2.6111046005e-18
  9.5000000000e+00   9.5631302665e-18
  1.0000000000e+01   1.5686123725e-17
  1.0500000000e+01   5.5760044458e-18
  1.1000000000e+01   2.8189256485e-18
  1.1500000000e+01   1.1938538019e-18
  1.2000000000e+01   2.9991715038e-17
  1.2500000000e+01   9.4855298401e-18
  1.3000000000e+01   1.6728452525e-18
  1.3500000000e+01   8.8229762173e-18
  1.4000000000e+01   1.1581980510e-17
  1.4500000000e+01   4.5249207219e-18
  1.5000000000e+01   9.3266597430e-19
  1.5500000000e+01   7.7071829019e-18
  1.6000000000e+01   6.0188480493e-18
  1.6500000000e+01   1.0352995395e-17
  1.7000000000e+01   8.5552843575e-18
  1.7500000000e+01   5.4253459378e-18
  1.8000000000e+01   4.4419221829e-18
  1.8500000000e+01   6.3530569980e-18
  1.9000000000e+01   7.2821349137e-18
  1.9500000000e+01   8.5713707729e-18
  2.0000000000e+01   2.6422520789e-17
  2.0500000000e+01   3.1767308671e-18
  2.1000000000e+01   6.8923628352e-18
  2.1500000000e+01   8.0296864909e-18
  2.2000000000e+01   9.8216090924e-18
  2.2500000000e+01   2.6468748234e-18
  2.3000000000e+01   8.2388665051e-18
  2.3500000000e+01   2.0600126592e-17
  2.4000000000e+01   2.3759864519e-18
  2.4500000000e+01   1.3952548851e-17
  2.5000000000e+01   6.4471296129e-18
  2.5500000000e+01   8.6604360016e-18
  2.6000000000e+01   1.2850654609e-17
  2.6500000000e+01   3.1879277512e-18
  2.7000000000e+01   4.4097182788e-18
  2.7500000000e+01   8.2285159420e-18
  2.8000000000e+01   2.4588691799e-17
  2.8500000000e+01   9.3185032263e-18
  2.9000000000e+01   2.8705775376e-18
  2.9500000000e+01   5.1901047902e-18
  3.0000000000e+01   2.7939250479e-18
  3.0500000000e+01   8.7298895860e-18
  3.1000000000e+01   2.8628891633e-18
  3.1500000000e+01   7.0667300389e-18
  3.2000000000e+01   4.3844048691e-18
  3.2500000000e+01   3.8334251986e-18
  3.3000000000e+01   5.6665124086e-18
  3.3500000000e+01   6.6263404246e-18
  3.4000000000e+01   5.8652857442e-18
  3.4500000000e+01   2.1141942363e-18
  3.5000000000e+01   3.9454383712e-18
  3.5500000000e+01   7.0870776459e-18
  3.6000000000e+01   5.7099741845e-18
  3.6500000000e+01   4.1994468681e-18
  3.7000000000e+01   1.0477917935e-17
  3.7500000000e+01   6.1379633384e-18
  3.8000000000e+01   8.9076710404e-18
  3.8500000000e+01   3.8329460384e-18
  3.9000000000e+01   4.1203248855e-18
  3.9500000000e+01   1.1811398686e-17
  4.0000000000e+01   2.1793289614e-17
  4.0500000000e+01   1.4219436528e-17
  4.1000000000e+01   6.3154194891e-18
  4.1500000000e+01   1.0837446782e-17
  4.2000000000e+01   9.4325978446e-18
  4.2500000000e+01   4.7016918180e-18
  4.3000000000e+01   2.7138914481e-18
  4.3500000000e+01   1.6979104498e-18
  4.4000000000e+01   2.8403665637e-17
  4.4500000000e+01   6.9007253848e-18
  4.5000000000e+01   2.0087021579e-18
  4.5500000000e+01   4.5646070333e-18
  4.6000000000e+01   3.7031892971e-18
  4.6500000000e+01   2.5806801780e-18
  4.7000000000e+01   3.6640980956e-18
  4.7500000000e+01   3.6866859686e-18
  4.8000000000e+01   6.5844643210e-18
  4.8500000000e+01   2.8492556678e-18
  4.9000000000e+01   3.5265748584e-18
  4.9500000000e+01   7.7644508595e-18
  5.0000000000e+01   7.0006641272e-18
  5.0500000000e+01   2.4777044310e-18
  5.1000000000e+01   7.0723418548e-18
  5.1500000000e+01   2.6435419262e-18
  5.2000000000e+01   1.4228294760e-17
  5.2500000000e+01   7.5896088125e-18
  5.3000000000e+01   3.5572737717e-18
  5.3500000000e+01   8.9840478375e-18
  5.4000000000e+01   6.2904752272e-18
  5.4500000000e+01   3.7816165144e-18
  5.5000000000e+01   1.0592667710e-17
  5.5500000000e+01   1.6280551087e-17
  5.6000000000e+01   9.9537199759e-18
  5.6500000000e+01   1.7835867198e-18
  5.7000000000e+01   7.3178125035e-18
  5.7500000000e+01   5.5329509591e-18
  5.8000000000e+01   1.8431436932e-18
  5.8500000000e+01   9.2197036419e-19
  5.9000000000e+01   7.0335918590e-18
  5.9500000000e+01   7.8209707344e-18
  6.0000000000e+01   3.4339996529e-17
  6.0500000000e+01   5.0851422464e-18
  6.1000000000e+01   6.6138554210e-18
  6.1500000000e+01   7.8917146473e-18
  6.2000000000e+01   4.1991844382e-18
  6.2500000000e+01   5.1371765455e-18
  6.3000000000e+01   4.4114672913e-18
  6.3500000000e+01   4.8792862207e-18
  6.4000000000e+01   1.5338730837e-17
  6.4500000000e+01   1.0437698555e-17
  6.5000000000e+01   3.7030900997e-18
  6.5500000000e+01   9.2445323322e-18
  6.6000000000e+01   9.2890883741e-18
  6.6500000000e+01   1.7637040358e-18
  6.7000000000e+01   3.1806600348e-18
  6.7500000000e+01   8.2614853837e-18
  6.8000000000e+01   1.8371549077e-18
  6.8500000000e+01   4.0310055009e-18
  6.9000000000e+01   7.8311563418e-18
  6.9500000000e+01   4.6063442898e-18
  7.0000000000e+01   2.0515858402e-18
  7.0500000000e+01   5.5296968091e-18
  7.1000000000e+01   5.5681593177e-18
  7.1500000000e+01   2.0950804346e-17
  7.2000000000e+01   6.0294521627e-17
  7.2500000000e+01   1.5940560562e-17
  7.3000000000e+01   6.4180052525e-18
  7.3500000000e+01   1.3913555327e-17
  7.4000000000e+01   7.9085934499e-18
  7.4500000000e+01   2.6452088997e-18
  7.5000000000e+01   5.4819260373e-18
  7.5500000000e+01   7.9096616923e-18
  7.6000000000e+01   5.4162219946e-17
  7.6500000000e+01   4.2443434034e-18
  7.7000000000e+01   4.4929029301e-18
  7.7500000000e+01   9.6785920886e-18
  7.8000000000e+01   1.3106856342e-17
  7.8500000000e+01   5.1818172207e-18
  7.9000000000e+01   4.2217807966e-18
  7.9500000000e+01   6.8382136027e-18
  8.0000000000e+01   1.1776077755e-17
  8.0500000000e+01   6.4809992972e-18
  8.1000000000e+01   3.9091465259e-18
  8.1500000000e+01   5.0184625600e-18
  8.2000000000e+01   7.2457240110e-18
  8.2500000000e+01   4.1628986857e-18
  8.3000000000e+01   1.0314176591e-18
  8.3500000000e+01   3.4643610265e-18
  8.4000000000e+01   2.8993946049e-17
  8.4500000000e+01   2.7396224977e-18
  8.5000000000e+01   5.9247953595e-18
  8.5500000000e+01   1.3010426070e-18
  8.6000000000e+01   1.1268663508e-17
  8.6500000000e+01   2.8955506311e-18
  8.7000000000e+01   7.3157540823e-18
  8.7500000000e+01   1.0028870095e-17
  8.8000000000e+01   9.1446524328e-18
  8.8500000000e+01   9.7728663147e-18
  8.9000000000e+01   1.3834203049e-17
  8.9500000000e+01   7.6712571289e-18
  9.0000000000e+01   9.5884488794e-18
  9.0500000000e+01   2.3063199989e-18
  9.1000000000e+01   6.7187738321e-18
  9.1500000000e+01   1.4646764797e-18
  9.2000000000e+01   6.6517371690e-18
  9.2500000000e+01   2.7170028567e-18
  9.3000000000e+01   4.9295442961e-18
  9.3500000000e+01   4.1213945904e-18
  9.4000000000e+01   5.7257783265e-18
  9.4500000000e+01   3.3214476486e-18
  9.5000000000e+01   5.1156077826e-18
  9.5500000000e+01   1.2637351879e-17
  9.6000000000e+01   9.4359853541e-18
  9.6500000000e+01   5.9877022054e-19
  9.7000000000e+01   7.7047040642e-19
  9.7500000000e+01   4.4886493707e-18
  9.8000000000e+01   3.6421770617e-18
  9.8500000000e+01   4.2495331467e-18
  9.9000000000e+01   5.8186919526e-18
  9.9500000000e+01   9.0428570991e-18
  1.0000000000e+02   8.4200358095e-18
  1.0050000000e+02   3.7377466955e-18
  1.0100000000e+02   4.3543913328e-18
  1.0150000000e+02   7.9543059680e-18
  1.0200000000e+02   8.6200891324e-18
  1.0250000000e+02   7.1565556566e-18
  1.0300000000e+02   4.9521460897e-18
  1.0350000000e+02   7.5443645502e-18
  1.0400000000e+02   2.9407772295e-17
  1.0450000000e+02   1.0388699393e-17
  1.0500000000e+02   5.5097315370e-18
  1.0550000000e+02   1.1255355445e-17
  1.0600000000e+02   2.4060984348e-18
  1.0650000000e+02   4.2408800464e-18
  1.0700000000e+02   7.1709134967e-18
  1.0750000000e+02   5.4668952679e-18
  1.0800000000e+02   1.7706219835e-17
  1.0850000000e+02   6.6856692029e-18
  1.0900000000e+02   7.7567827317e-18
  1.0950000000e+02   7.1805376514e-18
  1.1000000000e+02   3.3456905051e-18
  1.1050000000e+02   6.0006941850e-18
  1.1100000000e+02   2.9142660628e-18
  1.1150000000e+02   3.8797171498e-18
  1.1200000000e+02   1.0458055897e-17
  1.1250000000e+02   1.4566287458e-18
  1.1300000000e+02   5.6412384113e-18
  1.1350000000e+02   5.6091092252e-18
  1.1400000000e+02   4.1406020223e-18
  1.1450000000e+02   8.3490607258e-18
  1.1500000000e+02   2.2245968662e-18
  1.1550000000e+02   4.0988721631e-18
  1.1600000000e+02   1.8390734409e-17
  1.1650000000e+02   1.0196257113e-17
  1.1700000000e+02   4.9979250650e-19
  1.1750000000e+02   5.8197019669e-18
  1.1800000000e+02   2.0240053885e-18
  1.1850000000e+02   5.9928533399e-18
  1.1900000000e+02   6.9644695168e-18
  1.1950000000e+02   3.5607294064e-17
  1.2000000000e+02   2.7256851242e-17
  1.2050000000e+02   5.6731856417e-18
  1.2100000000e+02   4.2688524422e-18
  1.2150000000e+02   9.4300661525e-18
  1.2200000000e+02   8.3527557403e-18
  1.2250000000e+02   3.0531410387e-18
  1.2300000000e+02   5.0333728251e-18
  1.2350000000e+02   2.1445562822e-18
  1.2400000000e+02   7.2507920147e-18
  1.2450000000e+02   5.4582876730e-18
  1.2500000000e+02   6.9933141261e-18
  1.2550000000e+02   3.6807027037e-18
  1.2600000000e+02   1.3395163174e-17
  1.2650000000e+02   6.1374845395e-18
  1.2700000000e+02   3.2107764570e-18
  1.2750000000e+02   1.1763718479e-17
  1.2800000000e+02   6.1809033645e-18
  1.2850000000e+02   7.4491080560e-18
  1.2900000000e+02   1.1901557431e-18
  1.2950000000e+02   2.0377521425e-18
  1.3000000000e+02   6.5216810984e-18
  1.3050000000e+02   3.1891950192e-18
  1.3100000000e+02   4.1174709804e-18
  1.3150000000e+02   5.0540570083e-18
  1.3200000000e+02   8.9779534213e-18
  1.3250000000e+02   6.8866043580e-18
  1.3300000000e+02   2.2638805997e-18
  1.3350000000e+02   3.6235717046e-18
  1.3400000000e+02   4.7358665747e-18
  1.3450000000e+02   5.4754893313e-18
  1.3500000000e+02   7.4063785942e-18
  1.3550000000e+02   1.7462219563e-17
  1.3600000000e+02   1.2293270211e-17
  1.3650000000e+02   3.7524360928e-17
  1.3700000000e+02   5.7518943405e-18
  1.3750000000e+02   4.3045010983e-18
  1.3800000000e+02   1.8192721846e-17
  1.3850000000e+02   2.2232754542e-18
  1.3900000000e+02   6.9764850459e-18
  1.3950000000e+02   8.5949951994e-18
  1.4000000000e+02   2.6176298360e-17
  1.4050000000e+02   2.1582160145e-18
  1.4100000000e+02   2.5501808751e-18
  1.4150000000e+02   4.2217807966e-18
  1.4200000000e+02   6.6171870586e-19
  1.4250000000e+02   8.1700946574e-18
  1.4300000000e+02   5.5628130281e-18
  1.4350000000e+02   2.0254568088e-18
  1.4400000000e+02   7.7323076386e-18
  1.4450000000e+02   3.0521783582e-18
  1.4500000000e+02   6.7082682181e-18
  1.4550000000e+02   4.7929216926e-18
  1.4600000000e+02   4.5617089720e-18
  1.4650000000e+02   4.3789555373e-18
  1.4700000000e+02   4.7858653790e-18
  1.4750000000e+02   8.0589120161e-19
  1.4800000000e+02   8.2607276756e-17
  1.4850000000e+02   5.5049290971e-18
  1.4900000000e+02   1.4746743875e-18
  1.4950000000e+02   4.9378833089e-18
  1.5000000000e+02   6.2893071880e-18
  1.5050000000e+02   4.8259177185e-18
  1.5100000000e+02   9.9818755708e-18
  1.5150000000e+02   2.0998843799e-17
  1.5200000000e+02   1.9250314130e-18
  1.5250000000e+02   3.9606782389e-18
  1.5300000000e+02   8.8488766205e-18
  1.5350000000e+02   4.4419221829e-18
  1.5400000000e+02   8.1079912167e-18
  1.5450000000e+02   7.0824630381e-18
  1.5500000000e+02   9.9958501299e-19
  1.5550000000e+02   4.9476933874e-18
  1.5600000000e+02   9.2713550468e-18
  1.5650000000e+02   2.5570857096e-18
  1.5700000000e+02   6.9560251736e-18
  1.5750000000e+02   5.7626135920e-18
  1.5800000000e+02   2.9142660628e-18
  1.5850000000e+02   2.3410985478e-18
  1.5900000000e+02   1.7782237777e-18
  1.5950000000e+02   6.9185352471e-18
  1.6000000000e+02   1.8039915459e-17
  1.6050000000e+02   5.8637197888e-19
  1.6100000000e+02   1.3552527156e-18
  1.6150000000e+02   6.4290994790e-18
  1.6200000000e+02   6.3779292886e-18
  1.6250000000e+02   5.2044527646e-18
  1.6300000000e+02   5.7178174711e-18
  1.6350000000e+02   3.5173964864e-18
  1.6400000000e+02   1.2780830713e-17
  1.6450000000e+02   1.0910247325e-17
  1.6500000000e+02   3.1277870347e-18
  1.6550000000e+02   6.4036802253e-18
  1.6600000000e+02   1.2930900739e-17
  1.6650000000e+02   9.2126885796e-18
  1.6700000000e+02   5.7636334334e-18
  1.6750000000e+02   5.6388937026e-18
  1.6800000000e+02   2.6657376511e-17
  1.6850000000e+02   3.0077573911e-17
  1.6900000000e+02   2.9142660628e-18
  1.6950000000e+02   6.3277386423e-18
  1.7000000000e+02   8.4032662929e-18
  1.7050000000e+02   3.8959685323e-18
  1.7100000000e+02   4.7215728696e-18
  1.7150000000e+02   5.3919304550e-18
  1.7200000000e+02   6.2055895667e-17
  1.7250000000e+02   6.9667899168e-18
  1.7300000000e+02   1.6487360875e-18
  1.7350000000e+02   6.0390158333e-18
  1.7400000000e+02   9.1011652787e-18
  1.7450000000e+02   6.6138554210e-18
  1.7500000000e+02   2.9771172979e-18
  1.7550000000e+02   2.6667847349e-18
  1.7600000000e+02   1.1541152613e-17
  1.7650000000e+02   8.9779534213e-18
  1.7700000000e+02   5.1018020016e-18
  1.7750000000e+02   3.5035838449e-18
  1.7800000000e+02   6.8848972176e-18
  1.7850000000e+02   4.1798067885e-18
  1.7900000000e+02   3.2221970538e-18
  1.7950000000e+02   5.3777411397e-18
  1.8000000000e+02   2.7544123651e-17
  1.8050000000e+02   5.8669765065e-18
  1.8100000000e+02   2.7347911816e-18
  1.8150000000e+02   6.1343714353e-18
  1.8200000000e+02   5.4582876730e-18
  1.8250000000e+02   8.3377896296e-18
  1.8300000000e+02   9.2813342125e-18
  1.8350000000e+02   4.2093023591e-17
  1.8400000000e+02   2.0712802158e-17
  1.8450000000e+02   1.4727800076e-17
  1.8500000000e+02   1.1742715394e-17
  1.8550000000e+02   9.2316488470e-19
  1.8600000000e+02   1.0429354295e-17
  1.8650000000e+02   1.0993831414e-17
  1.8700000000e+02   1.0571527168e-17
  1.8750000000e+02   6.5277615013e-18
  1.8800000000e+02   2.5948980958e-17
  1.8850000000e+02   1.6189229728e-17
  1.8900000000e+02   2.5013133915e-18
  1.8950000000e+02   3.0202377659e-18
  1.9000000000e+02   3.6239771846e-18
  1.9050000000e+02   5.4280536017e-18
  1.9100000000e+02   8.1771056867e-18
  1.9150000000e+02   5.5081311890e-18
  1.9200000000e+02   7.8830520014e-18
  1.9250000000e+02   7.9687015775e-18
  1.9300000000e+02   1.0597486979e-17
  1.9350000000e+02   5.4307599157e-18
  1.9400000000e+02   1.1168466515e-17
  1.9450000000e+02   9.6367521734e-18
  1.9500000000e+02   9.4331819847e-18
  1.9550000000e+02   2.1051398297e-18
  1.9600000000e+02   2.9635234002e-17
  1.9650000000e+02   1.6534794067e-17
  1.9700000000e+02   3.4732565087e-18
  1.9750000000e+02   7.1116555347e-18
  1.9800000000e+02   2.5030750867e-18
  1.9850000000e+02   2.1596928999e-17
  1.9900000000e+02   4.7831013791e-18
  1.9950000000e+02   1.2211842237e-17
  2.0000000000e+02   9.5432796698e-01
  2.0050000000e+02   9.5553078694e-01
  2.0100000000e+02   3.1891045285e-01
  2.0150000000e+02   1.9158593813e-01
  2.0200000000e+02   1.3701797029e-01
  2.0250000000e+02   1.0670218571e-01
  2.0300000000e+02   8.7410121592e-02
  2.0350000000e+02   7.4053907619e-02
  2.0400000000e+02   6.4259204309e-02
  2.0450000000e+02   5.6769008408e-02
  2.0500000000e+02   5.0855581185e-02
  2.0550000000e+02   4.6068417712e-02
  2.0600000000e+02   4.2113710425e-02
  2.0650000000e+02   3.8791670178e-02
  2.0700000000e+02   3.5961704611e-02
  2.0750000000e+02   3.3522005459e-02
  2.0800000000e+02   3.1397037558e-02
  2.0850000000e+02   2.9529577299e-02
  2.0900000000e+02   2.7875480753e-02
  2.0950000000e+02   2.6400148623e-02
  2.1000000000e+02   2.5076078903e-02
  2.1050000000e+02   2.3881135833e-02
  2.1100000000e+02   2.2797301932e-02
  2.1150000000e+02   2.1809762826e-02
  2.1200000000e+02   2.0906225736e-02
  2.1250000000e+02   2.0076404866e-02
  2.1300000000e+02   1.9311627880e-02
  2.1350000000e+02   1.8604531471e-02
  2.1400000000e+02   1.7948823358e-02
  2.1450000000e+02   1.7339094388e-02
  2.1500000000e+02   1.6770668851e-02
  2.1550000000e+02   1.6239484244e-02
  2.1600000000e+02   1.5741993939e-02
  2.1650000000e+02   1.5275087812e-02
  2.1700000000e+02   1.4836027101e-02
  2.1750000000e+02   1.4422390578e-02
  2.1800000000e+02   1.4032029830e-02
  2.1850000000e+02   1.3663031886e-02
  2.1900000000e+02   1.3313687825e-02
  2.1950000000e+02   1.2982466276e-02
  2.2000000000e+02   1.2667990943e-02
  2.2050000000e+02   1.2369021461e-02
  2.2100000000e+02   1.2084437015e-02
  2.2150000000e+02   1.1813222282e-02
  2.2200000000e+02   1.1554455299e-02
  2.2250000000e+02   1.1307296977e-02
  2.2300000000e+02   1.1070981993e-02
  2.2350000000e+02   1.0844810856e-02
  2.2400000000e+02   1.0628142981e-02
  2.2450000000e+02   1.0420390615e-02
  2.2500000000e+02   1.0221013498e-02
  2.2550000000e+02   1.0029514163e-02
  2.2600000000e+02   9.8454337832e-03
  2.2650000000e+02   9.6683484867e-03
  2.2700000000e+02   9.4978660943e-03
  2.2750000000e+02   9.3336232102e-03
  2.2800000000e+02   9.1752826289e-03
  2.2850000000e+02   9.0225310177e-03
  2.2900000000e+02   8.8750768406e-03
  2.2950000000e+02   8.7326484956e-03
  2.3000000000e+02   8.5949926393e-03
  2.3050000000e+02   8.4618726782e-03
  2.3100000000e+02   8.3330674066e-03
  2.3150000000e+02   8.2083697759e-03
  2.3200000000e+02   8.0875857797e-03
  2.3250000000e+02   7.9705334427e-03
  2.3300000000e+02   7.8570419026e-03
  2.3350000000e+02   7.7469505741e-03
  2.3400000000e+02   7.6401083879e-03
  2.3450000000e+02   7.5363730964e-03
  2.3500000000e+02   7.4356106383e-03
  2.3550000000e+02   7.3376945586e-03
  2.3600000000e+02   7.2425054767e-03
  2.3650000000e+02   7.1499305980e-03
  2.3700000000e+02   7.0598632665e-03
  2.3750000000e+02   6.9722025524e-03
  2.3800000000e+02   6.8868528730e-03
  2.3850000000e+02   6.8037236433e-03
  2.3900000000e+02   6.7227289533e-03
  2.3950000000e+02   6.6437872708e-03
  2.4000000000e+02   6.5668211653e-03
  2.4050000000e+02   6.4917570538e-03
  2.4100000000e+02   6.4185249646e-03
  2.4150000000e+02   6.3470583184e-03
  2.4200000000e+02   6.2772937251e-03
  2.4250000000e+02   6.2091707953e-03
  2.4300000000e+02   6.1426319646e-03
  2.4350000000e+02   6.0776223304e-03
  2.4400000000e+02   6.0140895000e-03
  2.4450000000e+02   5.9519834482e-03
  2.4500000000e+02   5.8912563857e-03
  2.4550000000e+02   5.8318626354e-03
  2.4600000000e+02   5.7737585166e-03
  2.4650000000e+02   5.7169022376e-03
  2.4700000000e+02   5.6612537942e-03
  2.4750000000e+02   5.6067748758e-03
  2.4800000000e+02   5.5534287758e-03
  2.4850000000e+02   5.5011803094e-03
  2.4900000000e+02   5.4499957350e-03
  2.4950000000e+02   5.3998426810e-03
  2.5000000000e+02   5.3506900773e-03
  2.5050000000e+02   5.3025080902e-03
  2.5100000000e+02   5.2552680614e-03
  2.5150000000e+02   5.2089424511e-03
  2.5200000000e+02   5.1635047837e-03
  2.5250000000e+02   5.1189295970e-03
  2.5300000000e+02   5.0751923937e-03
  2.5350000000e+02   5.0322695970e-03
  2.5400000000e+02   4.9901385069e-03
  2.5450000000e+02   4.9487772603e-03
  2.5500000000e+02   4.9081647927e-03
  2.5550000000e+02   4.8682808018e-03
  2.5600000000e+02   4.8291057139e-03
  2.5650000000e+02   4.7906206508e-03
  2.5700000000e+02   4.7528073998e-03
  2.5750000000e+02   4.7156483841e-03
  2.5800000000e+02   4.6791266357e-03
  2.5850000000e+02   4.6432257691e-03
  2.5900000000e+02   4.6079299564e-03
  2.5950000000e+02   4.5732239040e-03
  2.6000000000e+02   4.5390928301e-03
  2.6050000000e+02   4.5055224434e-03
  2.6100000000e+02   4.4724989231e-03
  2.6150000000e+02   4.4400088998e-03
  2.6200000000e+02   4.4080394365e-03
  2.6250000000e+02   4.3765780124e-03
  2.6300000000e+02   4.3456125052e-03
  2.6350000000e+02   4.3151311762e-03
  2.6400000000e+02   4.2851226544e-03
  2.6450000000e+02   4.2555759233e-03
  2.6500000000e+02   4.2264803062e-03
  2.6550000000e+02   4.1978254536e-03
  2.6600000000e+02   4.1696013309e-03
  2.6650000000e+02   4.1417982062e-03
  2.6700000000e+02   4.1144066392e-03
  2.6750000000e+02   4.0874174703e-03
  2.6800000000e+02   4.0608218102e-03
  2.6850000000e+02   4.0346110300e-03
  2.6900000000e+02   4.0087767517e-03
  2.6950000000e+02   3.9833108393e-03
  2.7000000000e+02   3.9582053899e-03
  2.7050000000e+02   3.9334527257e-03
  2.7100000000e+02   3.9090453858e-03
  2.7150000000e+02   3.8849761185e-03
  2.7200000000e+02   3.8612378744e-03
  2.7250000000e+02   3.8378237991e-03
  2.7300000000e+02   3.8147272265e-03
  2.7350000000e+02   3.7919416725e-03
  2.7400000000e+02   3.7694608288e-03
  2.7450000000e+02   3.7472785570e-03
  2.7500000000e+02   3.7253888827e-03
  2.7550000000e+02   3.7037859904e-03
  2.7600000000e+02   3.6824642180e-03
  2.7650000000e+02   3.6614180518e-03
  2.7700000000e+02   3.6406421220e-03
  2.7750000000e+02   3.6201311974e-03
  2.7800000000e+02   3.5998801815e-03
  2.7850000000e+02   3.5798841080e-03
  2.7900000000e+02   3.5601381367e-03
  2.7950000000e+02   3.5406375493e-03
  2.8000000000e+02   3.5213777461e-03
  2.8050000000e+02   3.5023542416e-03
  2.8100000000e+02   3.4835626617e-03
  2.8150000000e+02   3.4649987396e-03
  2.8200000000e+02   3.4466583132e-03
  2.8250000000e+02   3.4285373211e-03
  2.8300000000e+02   3.4106318004e-03
  2.8350000000e+02   3.3929378831e-03
  2.8400000000e+02   3.3754517937e-03
  2.8450000000e+02   3.3581698462e-03
  2.8500000000e+02   3.3410884415e-03
  2.8550000000e+02   3.3242040649e-03
  2.8600000000e+02   3.3075132837e-03
  2.8650000000e+02   3.2910127447e-03
  2.8700000000e+02   3.2746991719e-03
  2.8750000000e+02   3.2585693644e-03
  2.8800000000e+02   3.2426201943e-03
  2.8850000000e+02   3.2268486043e-03
  2.8900000000e+02   3.2112516063e-03
  2.8950000000e+02   3.1958262788e-03
  2.9000000000e+02   3.1805697655e-03
  2.9050000000e+02   3.1654792733e-03
  2.9100000000e+02   3.1505520706e-03
  2.9150000000e+02   3.1357854859e-03
  2.9200000000e+02   3.1211769054e-03
  2.9250000000e+02   3.1067237723e-03
  2.9300000000e+02   3.0924235847e-03
  2.9350000000e+02   3.0782738945e-03
  2.9400000000e+02   3.0642723057e-03
  2.9450000000e+02   3.0504164729e-03
  2.9500000000e+02   3.0367041006e-03
  2.9550000000e+02   3.0231329410e-03
  2.9600000000e+02   3.0097007934e-03
  2.9650000000e+02   2.9964055030e-03
  2.9700000000e+02   2.9832449592e-03
  2.9750000000e+02   2.9702170949e-03
  2.9800000000e+02   2.9573198851e-03
  2.9850000000e+02   2.9445513464e-03
  2.9900000000e+02   2.9319095350e-03
  2.9950000000e+02   2.9193925467e-03
  3.0000000000e+02   1.9986555216e+00
  3.0050000000e+02   2.8947256107e-03
  3.0100000000e+02   2.8825720414e-03
  3.0150000000e+02   2.8705360495e-03
  3.0200000000e+02   2.8586159121e-03
  3.0250000000e+02   2.8468099399e-03
  3.0300000000e+02   2.8351164765e-03
  3.0350000000e+02   2.8235338976e-03
  3.0400000000e+02   2.8120606100e-03
  3.0450000000e+02   2.8006950513e-03
  3.0500000000e+02   2.7894356887e-03
  3.0550000000e+02   2.7782810185e-03
  3.0600000000e+02   2.7672295654e-03
  3.0650000000e+02   2.7562798820e-03
  3.0700000000e+02   2.7454305479e-03
  3.0750000000e+02   2.7346801689e-03
  3.0800000000e+02   2.7240273772e-03
  3.0850000000e+02   2.7134708296e-03
  3.0900000000e+02   2.7030092081e-03
  3.0950000000e+02   2.6926412185e-03
  3.1000000000e+02   2.6823655903e-03
  3.1050000000e+02   2.6721810758e-03
  3.1100000000e+02   2.6620864501e-03
  3.1150000000e+02   2.6520805101e-03
  3.1200000000e+02   2.6421620742e-03
  3.1250000000e+02   2.6323299820e-03
  3.1300000000e+02   2.6225830934e-03
  3.1350000000e+02   2.6129202885e-03
  3.1400000000e+02   2.6033404672e-03
  3.1450000000e+02   2.5938425485e-03
  3.1500000000e+02   2.5844254702e-03
  3.1550000000e+02   2.5750881886e-03
  3.1600000000e+02   2.5658296779e-03
  3.1650000000e+02   2.5566489299e-03
  3.1700000000e+02   2.5475449539e-03
  3.1750000000e+02   2.5385167757e-03
  3.1800000000e+02   2.5295634378e-03
  3.1850000000e+02   2.5206839990e-03
  3.1900000000e+02   2.5118775338e-03
  3.1950000000e+02   2.5031431320e-03
  3.2000000000e+02   2.4944798991e-03
  3.2050000000e+02   2.4858869547e-03
  3.2100000000e+02   2.4773634336e-03
  3.2150000000e+02   2.4689084847e-03
  3.2200000000e+02   2.4605212707e-03
  3.2250000000e+02   2.4522009681e-03
  3.2300000000e+02   2.4439467666e-03
  3.2350000000e+02   2.4357578693e-03
  3.2400000000e+02   2.4276334920e-03
  3.2450000000e+02   2.4195728631e-03
  3.2500000000e+02   2.4115752234e-03
  3.2550000000e+02   2.4036398258e-03
  3.2600000000e+02   2.3957659350e-03
  3.2650000000e+02   2.3879528273e-03
  3.2700000000e+02   2.3801997905e-03
  3.2750000000e+02   2.3725061235e-03
  3.2800000000e+02   2.3648711363e-03
  3.2850000000e+02   2.3572941493e-03
  3.2900000000e+02   2.3497744938e-03
  3.2950000000e+02   2.3423115113e-03
  3.3000000000e+02   2.3349045533e-03
  3.3050000000e+02   2.3275529813e-03
  3.3100000000e+02   2.3202561668e-03
  3.3150000000e+02   2.3130134904e-03
  3.3200000000e+02   2.3058243425e-03
  3.3250000000e+02   2.2986881225e-03
  3.3300000000e+02   2.2916042387e-03
  3.3350000000e+02   2.2845721086e-03
  3.3400000000e+02   2.2775911580e-03
  3.3450000000e+02   2.2706608216e-03
  3.3500000000e+02   2.2637805422e-03
  3.3550000000e+02   2.2569497710e-03
  3.3600000000e+02   2.2501679672e-03
  3.3650000000e+02   2.2434345978e-03
  3.3700000000e+02   2.2367491378e-03
  3.3750000000e+02   2.2301110696e-03
  3.3800000000e+02   2.2235198834e-03
  3.3850000000e+02   2.2169750763e-03
  3.3900000000e+02   2.2104761531e-03
  3.3950000000e+02   2.2040226254e-03
  3.4000000000e+02   2.1976140119e-03
  3.4050000000e+02   2.1912498381e-03
  3.4100000000e+02   2.1849296362e-03
  3.4150000000e+02   2.1786529451e-03
  3.4200000000e+02   2.1724193101e-03
  3.4250000000e+02   2.1662282828e-03
  3.4300000000e+02   2.1600794213e-03
  3.4350000000e+02   2.1539722897e-03
  3.4400000000e+02   2.1479064581e-03
  3.4450000000e+02   2.1418815027e-03
  3.4500000000e+02   2.1358970053e-03
  3.4550000000e+02   2.1299525537e-03
  3.4600000000e+02   2.1240477412e-03
  3.4650000000e+02   2.1181821667e-03
  3.4700000000e+02   2.1123554345e-03
  3.4750000000e+02   2.1065671543e-03
  3.4800000000e+02   2.1008169410e-03
  3.4850000000e+02   2.0951044147e-03
  3.4900000000e+02   2.0894292007e-03
  3.4950000000e+02   2.0837909292e-03
  3.5000000000e+02   2.0781892353e-03
  3.5050000000e+02   2.0726237591e-03
  3.5100000000e+02   2.0670941452e-03
  3.5150000000e+02   2.0616000432e-03
  3.5200000000e+02   2.0561411069e-03
  3.5250000000e+02   2.0507169951e-03
  3.5300000000e+02   2.0453273707e-03
  3.5350000000e+02   2.0399719011e-03
  3.5400000000e+02   2.0346502581e-03
  3.5450000000e+02   2.0293621176e-03
  3.5500000000e+02   2.0241071596e-03
  3.5550000000e+02   2.0188850686e-03
  3.5600000000e+02   2.0136955327e-03
  3.5650000000e+02   2.0085382442e-03
  3.5700000000e+02   2.0034128993e-03
  3.5750000000e+02   1.9983191979e-03
  3.5800000000e+02   1.9932568439e-03
  3.5850000000e+02   1.9882255449e-03
  3.5900000000e+02   1.9832250119e-03
  3.5950000000e+02   1.9782549599e-03
  3.6000000000e+02   1.9733151072e-03
  3.6050000000e+02   1.9684051757e-03
  3.6100000000e+02   1.9635248907e-03
  3.6150000000e+02   1.9586739809e-03
  3.6200000000e+02   1.9538521784e-03
  3.6250000000e+02   1.9490592186e-03
  3.6300000000e+02   1.9442948399e-03
  3.6350000000e+02   1.9395587843e-03
  3.6400000000e+02   1.9348507966e-03
  3.6450000000e+02   1.9301706248e-03
  3.6500000000e+02   1.9255180201e-03
  3.6550000000e+02   1.9208927363e-03
  3.6600000000e+02   1.9162945307e-03
  3.6650000000e+02   1.9117231630e-03
  3.6700000000e+02   1.9071783961e-03
  3.6750000000e+02   1.9026599955e-03
  3.6800000000e+02   1.8981677298e-03
  3.6850000000e+02   1.8937013700e-03
  3.6900000000e+02   1.8892606900e-03
  3.6950000000e+02   1.8848454663e-03
  3.7000000000e+02   1.8804554779e-03
  3.7050000000e+02   1.8760905067e-03
  3.7100000000e+02   1.8717503368e-03
  3.7150000000e+02   1.8674347551e-03
  3.7200000000e+02   1.8631435507e-03
  3.7250000000e+02   1.8588765153e-03
  3.7300000000e+02   1.8546334430e-03
  3.7350000000e+02   1.8504141302e-03
  3.7400000000e+02   1.8462183757e-03
  3.7450000000e+02   1.8420459806e-03
  3.7500000000e+02   1.8378967481e-03
  3.7550000000e+02   1.8337704839e-03
  3.7600000000e+02   1.8296669957e-03
  3.7650000000e+02   1.8255860934e-03
  3.7700000000e+02   1.8215275892e-03
  3.7750000000e+02   1.8174912973e-03
  3.7800000000e+02   1.8134770338e-03
  3.7850000000e+02   1.8094846171e-03
  3.7900000000e+02   1.8055138675e-03
  3.7950000000e+02   1.8015646075e-03
  3.8000000000e+02   1.7976366612e-03
  3.8050000000e+02   1.7937298550e-03
  3.8100000000e+02   1.7898440170e-03
  3.8150000000e+02   1.7859789772e-03
  3.8200000000e+02   1.7821345675e-03
  3.8250000000e+02   1.7783106217e-03
  3.8300000000e+02   1.7745069754e-03
  3.8350000000e+02   1.7707234657e-03
  3.8400000000e+02   1.7669599320e-03
  3.8450000000e+02   1.7632162149e-03
  3.8500000000e+02   1.7594921570e-03
  3.8550000000e+02   1.7557876026e-03
  3.8600000000e+02   1.7521023975e-03
  3.8650000000e+02   1.7484363893e-03
  3.8700000000e+02   1.7447894272e-03
  3.8750000000e+02   1.7411613620e-03
  3.8800000000e+02   1.7375520460e-03
  3.8850000000e+02   1.7339613331e-03
  3.8900000000e+02   1.7303890787e-03
  3.8950000000e+02   1.7268351400e-03
  3.9000000000e+02   1.7232993752e-03
  3.9050000000e+02   1.7197816444e-03
  3.9100000000e+02   1.7162818090e-03
  3.9150000000e+02   1.7127997318e-03
  3.9200000000e+02   1.7093352771e-03
  3.9250000000e+02   1.7058883105e-03
  3.9300000000e+02   1.7024586992e-03
  3.9350000000e+02   1.6990463116e-03
  3.9400000000e+02   1.6956510174e-03
  3.9450000000e+02   1.6922726878e-03
  3.9500000000e+02   1.6889111952e-03
  3.9550000000e+02   1.6855664133e-03
  3.9600000000e+02   1.6822382171e-03
  3.9650000000e+02   1.6789264828e-03
  3.9700000000e+02   1.6756310881e-03
  3.9750000000e+02   1.6723519117e-03
  3.9800000000e+02   1.6690888335e-03
  3.9850000000e+02   1.6658417347e-03
  3.9900000000e+02   1.6626104977e-03
  3.9950000000e+02   1.6593950061e-03
  4.0000000000e+02   1.6561951445e-03
  4.0050000000e+02   1.6530107987e-03
  4.0100000000e+02   1.6498418558e-03
  4.0150000000e+02   1.6466882039e-03
  4.0200000000e+02   1.6435497320e-03
  4.0250000000e+02   1.6404263306e-03
  4.0300000000e+02   1.6373178909e-03
  4.0350000000e+02   1.6342243054e-03
  4.0400000000e+02   1.6311454675e-03
  4.0450000000e+02   1.6280812717e-03
  4.0500000000e+02   1.6250316136e-03
  4.0550000000e+02   1.6219963897e-03
  4.0600000000e+02   1.6189754975e-03
  4.0650000000e+02   1.6159688356e-03
  4.0700000000e+02   1.6129763034e-03
  4.0750000000e+02   1.6099978014e-03
  4.0800000000e+02   1.6070332310e-03
  4.0850000000e+02   1.6040824945e-03
  4.0900000000e+02   1.6011454953e-03
  4.0950000000e+02   1.5982221376e-03
  4.1000000000e+02   1.5953123263e-03
  4.1050000000e+02   1.5924159676e-03
  4.1100000000e+02   1.5895329683e-03
  4.1150000000e+02   1.5866632362e-03
  4.1200000000e+02   1.5838066798e-03
  4.1250000000e+02   1.5809632088e-03
  4.1300000000e+02   1.5781327334e-03
  4.1350000000e+02   1.5753151647e-03
  4.1400000000e+02   1.5725104147e-03
  4.1450000000e+02   1.5697183963e-03
  4.1500000000e+02   1.5669390231e-03
  4.1550000000e+02   1.5641722094e-03
  4.1600000000e+02   1.5614178704e-03
  4.1650000000e+02   1.5586759222e-03
  4.1700000000e+02   1.5559462813e-03
  4.1750000000e+02   1.5532288655e-03
  4.1800000000e+02   1.5505235928e-03
  4.1850000000e+02   1.5478303822e-03
  4.1900000000e+02   1.5451491536e-03
  4.1950000000e+02   1.5424798274e-03
  4.2000000000e+02   1.5398223246e-03
  4.2050000000e+02   1.5371765673e-03
  4.2100000000e+02   1.5345424780e-03
  4.2150000000e+02   1.5319199799e-03
  4.2200000000e+02   1.5293089971e-03
  4.2250000000e+02   1.5267094541e-03
  4.2300000000e+02   1.5241212763e-03
  4.2350000000e+02   1.5215443897e-03
  4.2400000000e+02   1.5189787209e-03
  4.2450000000e+02   1.5164241972e-03
  4.2500000000e+02   1.5138807465e-03
  4.2550000000e+02   1.5113482973e-03
  4.2600000000e+02   1.5088267789e-03
  4.2650000000e+02   1.5063161211e-03
  4.2700000000e+02   1.5038162542e-03
  4.2750000000e+02   1.5013271093e-03
  4.2800000000e+02   1.4988486181e-03
  4.2850000000e+02   1.4963807127e-03
  4.2900000000e+02   1.4939233260e-03
  4.2950000000e+02   1.4914763914e-03
  4.3000000000e+02   1.4890398427e-03
  4.3050000000e+02   1.4866136146e-03
  4.3100000000e+02   1.4841976422e-03
  4.3150000000e+02   1.4817918610e-03
  4.3200000000e+02   1.4793962074e-03
  4.3250000000e+02   1.4770106180e-03
  4.3300000000e+02   1.4746350302e-03
  4.3350000000e+02   1.4722693817e-03
  4.3400000000e+02   1.4699136109e-03
  4.3450000000e+02   1.4675676567e-03
  4.3500000000e+02   1.4652314584e-03
  4.3550000000e+02   1.4629049560e-03
  4.3600000000e+02   1.4605880898e-03
  4.3650000000e+02   1.4582808008e-03
  4.3700000000e+02   1.4559830303e-03
  4.3750000000e+02   1.4536947203e-03
  4.3800000000e+02   1.4514158131e-03
  4.3850000000e+02   1.4491462514e-03
  4.3900000000e+02   1.4468859788e-03
  4.3950000000e+02   1.4446349389e-03
  4.4000000000e+02   1.4423930760e-03
  4.4050000000e+02   1.4401603349e-03
  4.4100000000e+02   1.4379366606e-03
  4.4150000000e+02   1.4357219989e-03
  4.4200000000e+02   1.4335162957e-03
  4.4250000000e+02   1.4313194977e-03
  4.4300000000e+02   1.4291315516e-03
  4.4350000000e+02   1.4269524050e-03
  4.4400000000e+02   1.4247820056e-03
  4.4450000000e+02   1.4226203016e-03
  4.4500000000e+02   1.4204672416e-03
  4.4550000000e+02   1.4183227749e-03
  4.4600000000e+02   1.4161868507e-03
  4.4650000000e+02   1.4140594190e-03
  4.4700000000e+02   1.4119404301e-03
  4.4750000000e+02   1.4098298346e-03
  4.4800000000e+02   1.4077275836e-03
  4.4850000000e+02   1.4056336287e-03
  4.4900000000e+02   1.4035479215e-03
  4.4950000000e+02   1.4014704143e-03
  4.5000000000e+02   1.3994010599e-03
  4.5050000000e+02   1.3973398110e-03
  4.5100000000e+02   1.3952866212e-03
  4.5150000000e+02   1.3932414441e-03
  4.5200000000e+02   1.3912042338e-03
  4.5250000000e+02   1.3891749447e-03
  4.5300000000e+02   1.3871535317e-03
  4.5350000000e+02   1.3851399499e-03
  4.5400000000e+02   1.3831341548e-03
  4.5450000000e+02   1.3811361022e-03
  4.5500000000e+02   1.3791457485e-03
  4.5550000000e+02   1.3771630500e-03
  4.5600000000e+02   1.3751879637e-03
  4.5650000000e+02   1.3732204467e-03
  4.5700000000e+02   1.3712604567e-03
  4.5750000000e+02   1.3693079514e-03
  4.5800000000e+02   1.3673628891e-03
  4.5850000000e+02   1.3654252282e-03
  4.5900000000e+02   1.3634949276e-03
  4.5950000000e+02   1.3615719464e-03
  4.6000000000e+02   1.3596562441e-03
  4.6050000000e+02   1.3577477804e-03
  4.6100000000e+02   1.3558465153e-03
  4.6150000000e+02   1.3539524093e-03
  4.6200000000e+02   1.3520654230e-03
  4.6250000000e+02   1.3501855173e-03
  4.6300000000e+02   1.3483126536e-03
  4.6350000000e+02   1.3464467933e-03
  4.6400000000e+02   1.3445878983e-03
  4.6450000000e+02   1.3427359307e-03
  4.6500000000e+02   1.3408908529e-03
  4.6550000000e+02   1.3390526276e-03
  4.6600000000e+02   1.3372212177e-03
  4.6650000000e+02   1.3353965865e-03
  4.6700000000e+02   1.3335786975e-03
  4.6750000000e+02   1.3317675145e-03
  4.6800000000e+02   1.3299630014e-03
  4.6850000000e+02   1.3281651227e-03
  4.6900000000e+02   1.3263738429e-03
  4.6950000000e+02   1.3245891268e-03
  4.7000000000e+02   1.3228109395e-03
  4.7050000000e+02   1.3210392463e-03
  4.7100000000e+02   1.3192740130e-03
  4.7150000000e+02   1.3175152052e-03
  4.7200000000e+02   1.3157627891e-03
  4.7250000000e+02   1.3140167310e-03
  4.7300000000e+02   1.3122769976e-03
  4.7350000000e+02   1.3105435557e-03
  4.7400000000e+02   1.3088163722e-03
  4.7450000000e+02   1.3070954146e-03
  4.7500000000e+02   1.3053806504e-03
  4.7550000000e+02   1.3036720473e-03
  4.7600000000e+02   1.3019695734e-03
  4.7650000000e+02   1.3002731969e-03
  4.7700000000e+02   1.2985828862e-03
  4.7750000000e+02   1.2968986100e-03
  4.7800000000e+02   1.2952203373e-03
  4.7850000000e+02   1.2935480372e-03
  4.7900000000e+02   1.2918816789e-03
  4.7950000000e+02   1.2902212322e-03
  4.8000000000e+02   1.2885666667e-03
  4.8050000000e+02   1.2869179525e-03
  4.8100000000e+02   1.2852750597e-03
  4.8150000000e+02   1.2836379588e-03
  4.8200000000e+02   1.2820066204e-03
  4.8250000000e+02   1.2803810153e-03
  4.8300000000e+02   1.2787611145e-03
  4.8350000000e+02   1.2771468894e-03
  4.8400000000e+02   1.2755383112e-03
  4.8450000000e+02   1.2739353517e-03
  4.8500000000e+02   1.2723379827e-03
  4.8550000000e+02   1.2707461761e-03
  4.8600000000e+02   1.2691599043e-03
  4.8650000000e+02   1.2675791396e-03
  4.8700000000e+02   1.2660038546e-03
  4.8750000000e+02   1.2644340221e-03
  4.8800000000e+02   1.2628696150e-03
  4.8850000000e+02   1.2613106066e-03
  4.8900000000e+02   1.2597569702e-03
  4.8950000000e+02   1.2582086793e-03
  4.9000000000e+02   1.2566657076e-03
  4.9050000000e+02   1.2551280290e-03
  4.9100000000e+02   1.2535956175e-03
  4.9150000000e+02   1.2520684474e-03
  4.9200000000e+02   1.2505464931e-03
  4.9250000000e+02   1.2490297291e-03
  4.9300000000e+02   1.2475181303e-03
  4.9350000000e+02   1.2460116716e-03
  4.9400000000e+02   1.2445103280e-03
  4.9450000000e+02   1.2430140748e-03
  4.9500000000e+02   1.2415228875e-03
  4.9550000000e+02   1.2400367415e-03
  4.9600000000e+02   1.2385556128e-03
  4.9650000000e+02   1.2370794772e-03
  4.9700000000e+02   1.2356083107e-03
  4.9750000000e+02   1.2341420896e-03
  4.9800000000e+02   1.2326807904e-03
  4.9850000000e+02   1.2312243894e-03
  4.9900000000e+02   1.2297728636e-03
  4.9950000000e+02   1.2283261896e-03
  5.0000000000e+02   1.2268843445e-03
  5.0050000000e+02   2.5200413152e-18
  5.0100000000e+02   3.8332335417e-19
  5.0150000000e+02   3.9998097598e-18
  5.0200000000e+02   1.0111602179e-17
  5.0250000000e+02   7.4012185989e-18
  5.0300000000e+02   1.2548674162e-17
  5.0350000000e+02   1.1572048930e-17
  5.0400000000e+02   7.4613277944e-18
  5.0450000000e+02   5.1911884556e-18
  5.0500000000e+02   7.6111196424e-18
  5.0550000000e+02   1.4914708531e-18
  5.0600000000e+02   3.1797143003e-18
  5.0650000000e+02   2.7513716336e-18
  5.0700000000e+02   9.0274481051e-19
  5.0750000000e+02   4.3579541389e-18
  5.0800000000e+02   1.8184165178e-17
  5.0850000000e+02   3.6566120962e-18
  5.0900000000e+02   4.3493267112e-18
  5.0950000000e+02   4.0077818384e-18
  5.1000000000e+02   7.1232688996e-18
  5.1050000000e+02   2.0464428195e-18
  5.1100000000e+02   6.6940477926e-18
  5.1150000000e+02   9.1221357481e-18
  5.1200000000e+02   9.6445252854e-18
  5.1250000000e+02   5.1332223293e-19
  5.1300000000e+02   4.8007012642e-18
  5.1350000000e+02   5.4548080025e-18
  5.1400000000e+02   3.8033148897e-18
  5.1450000000e+02   1.8510768965e-18
  5.1500000000e+02   9.6518354370e-19
  5.1550000000e+02   7.2731203026e-18
  5.1600000000e+02   3.3129610190e-17
  5.1650000000e+02   1.0558671189e-17
  5.1700000000e+02   3.8749090248e-18
  5.1750000000e+02   4.7115892289e-18
  5.1800000000e+02   7.5236821245e-18
  5.1850000000e+02   2.2761488523e-18
  5.1900000000e+02   5.9079731392e-18
  5.1950000000e+02   9.6588476922e-18
  5.2000000000e+02   2.7428386473e-18
  5.2050000000e+02   1.9664450708e-17
  5.2100000000e+02   5.6420197643e-18
  5.2150000000e+02   9.3342188362e-18
  5.2200000000e+02   1.5724295906e-17
  5.2250000000e+02   3.2034459076e-18
  5.2300000000e+02   3.0675449921e-18
  5.2350000000e+02   3.3701949743e-18
  5.2400000000e+02   2.8516217593e-17
  5.2450000000e+02   5.2728910602e-18
  5.2500000000e+02   2.4364413540e-18
  5.2550000000e+02   2.3285119053e-18
  5.2600000000e+02   7.7047040642e-18
  5.2650000000e+02   2.3815457675e-18
  5.2700000000e+02   3.3285183275e-18
  5.2750000000e+02   4.0498252962e-18
  5.2800000000e+02   7.1774675147e-18
  5.2850000000e+02   6.5277615013e-19
  5.2900000000e+02   8.1993573321e-18
  5.2950000000e+02   8.9828620001e-18
  5.3000000000e+02   9.8373051407e-18
  5.3050000000e+02   2.6667847349e-18
  5.3100000000e+02   5.4547869578e-18
  5.3150000000e+02   1.1307454202e-17
  5.3200000000e+02   1.7347234760e-17
  5.3250000000e+02   3.1804290416e-18
  5.3300000000e+02   3.0975752838e-18
  5.3350000000e+02   3.0837881409e-18
  5.3400000000e+02   4.7075479019e-18
  5.3450000000e+02   4.0480107770e-18
  5.3500000000e+02   3.0241273203e-18
  5.3550000000e+02   4.3564155328e-18
  5.3600000000e+02   2.6315364633e-17
  5.3650000000e+02   6.2475827261e-18
  5.3700000000e+02   2.4771113240e-18
  5.3750000000e+02   2.4942541674e-18
  5.3800000000e+02   3.6187024012e-18
  5.3850000000e+02   4.8728827081e-18
  5.3900000000e+02   4.5861239268e-18
  5.3950000000e+02   7.5521510778e-18
  5.4000000000e+02   1.0870444775e-17
  5.4050000000e+02   8.5591907724e-18
  5.4100000000e+02   2.5403668999e-18
  5.4150000000e+02   6.8442274860e-18
  5.4200000000e+02   5.8687293752e-18
  5.4250000000e+02   3.7546126301e-18
  5.4300000000e+02   2.1582160145e-18
  5.4350000000e+02   9.3833611042e-18
  5.4400000000e+02   1.0408482027e-17
  5.4450000000e+02   5.6638538853e-18
  5.4500000000e+02   1.0431467397e-17
  5.4550000000e+02   3.1371685406e-18
  5.4600000000e+02   1.1016262378e-17
  5.4650000000e+02   4.3655128178e-18
  5.4700000000e+02   2.8402165380e-18
  5.4750000000e+02   5.8035206459e-18
  5.4800000000e+02   1.6657594109e-17
  5.4850000000e+02   5.2728910602e-18
  5.4900000000e+02   6.5196530372e-18
  5.4950000000e+02   4.8840269363e-18
  5.5000000000e+02   9.1856945574e-18
  5.5050000000e+02   5.5371320560e-18
  5.5100000000e+02   9.2788008379e-18
  5.5150000000e+02   1.3342736580e-17
  5.5200000000e+02   3.0040422985e-17
  5.5250000000e+02   5.7503613877e-18
  5.5300000000e+02   5.3170141186e-18
  5.5350000000e+02   1.0194960054e-17
  5.5400000000e+02   6.8955599113e-18
  5.5450000000e+02   3.7385328448e-18
  5.5500000000e+02   6.0482546406e-18
  5.5550000000e+02   5.9921177346e-18
  5.5600000000e+02   1.1678395011e-16
  5.5650000000e+02   1.6514075493e-18
  5.5700000000e+02   1.9432641617e-18
  5.5750000000e+02   1.1938538019e-18
  5.5800000000e+02   8.1322390630e-18
  5.5850000000e+02   9.4121300997e-18
  5.5900000000e+02   1.9212111445e-18
  5.5950000000e+02   3.7690647686e-18
  5.6000000000e+02   1.0469430297e-17
  5.6050000000e+02   9.7004290000e-18
  5.6100000000e+02   6.6907222043e-18
  5.6150000000e+02   4.2408800464e-18
  5.6200000000e+02   1.9732777395e-18
  5.6250000000e+02   9.6023839164e-18
  5.6300000000e+02   5.8907209437e-18
  5.6350000000e+02   1.0606495562e-17
  5.6400000000e+02   3.5412439669e-17
  5.6450000000e+02   7.5808916897e-18
  5.6500000000e+02   3.3806425167e-18
  5.6550000000e+02   5.8113640997e-18
  5.6600000000e+02   6.5636779292e-18
  5.6650000000e+02   8.2634415856e-18
  5.6700000000e+02   1.1417117349e-17
  5.6750000000e+02   3.2097923881e-17
  5.6800000000e+02   1.6221418262e-17
  5.6850000000e+02   1.0083663092e-17
  5.6900000000e+02   1.9732777395e-18
  5.6950000000e+02   3.4117931955e-18
  5.7000000000e+02   5.4448110645e-18
  5.7050000000e+02   4.4057179288e-18
  5.7100000000e+02   1.0300491256e-17
  5.7150000000e+02   7.9324783391e-18
  5.7200000000e+02   3.8615866087e-17
  5.7250000000e+02   4.6307618914e-18
  5.7300000000e+02   5.0948850823e-18
  5.7350000000e+02   3.3470077925e-18
  5.7400000000e+02   4.4491937323e-18
  5.7450000000e+02   1.3189888700e-18
  5.7500000000e+02   4.3058663064e-18
  5.7550000000e+02   2.8914881238e-18
  5.7600000000e+02   4.2172537898e-18
  5.7650000000e+02   1.2575459982e-17
  5.7700000000e+02   7.6518869316e-18
  5.7750000000e+02   1.1162544566e-18
  5.7800000000e+02   1.0596932355e-17
  5.7850000000e+02   4.3651762194e-18
  5.7900000000e+02   7.5060938067e-18
  5.7950000000e+02   1.7013685194e-18
  5.8000000000e+02   1.4692839669e-17
  5.8050000000e+02   5.1988031181e-18
  5.8100000000e+02   3.5299065312e-18
  5.8150000000e+02   2.8402165380e-18
  5.8200000000e+02   4.3381637310e-18
  5.8250000000e+02   9.3266597430e-19
  5.8300000000e+02   8.2486696965e-18
  5.8350000000e+02   1.8786755410e-18
  5.8400000000e+02   4.1482034188e-17
  5.8450000000e+02   6.2086551281e-18
  5.8500000000e+02   1.9774432882e-17
  5.8550000000e+02   1.0871931554e-17
  5.8600000000e+02   3.8500628260e-18
  5.8650000000e+02   3.4456484068e-18
  5.8700000000e+02   3.4964469463e-18
  5.8750000000e+02   5.4014599681e-18
  5.8800000000e+02   1.6855770068e-17
  5.8850000000e+02   2.6821680460e-18
  5.8900000000e+02   6.5205544756e-18
  5.8950000000e+02   2.2351400383e-18
  5.9000000000e+02   3.7385328448e-18
  5.9050000000e+02   1.5332934167e-18
  5.9100000000e+02   2.7790282267e-18
  5.9150000000e+02   2.3454879155e-18
  5.9200000000e+02   6.7925071417e-18
  5.9250000000e+02   9.9746599869e-18
  5.9300000000e+02   6.7647612728e-18
  5.9350000000e+02   1.9545732629e-18
  5.9400000000e+02   4.3543913328e-18
  5.9450000000e+02   1.7347234760e-18
  5.9500000000e+02   4.6809416466e-18
  5.9550000000e+02   6.6029603567e-18
  5.9600000000e+02   8.5128859224e-18
  5.9650000000e+02   4.4886493707e-18
  5.9700000000e+02   1.0094731560e-17
  5.9750000000e+02   8.0150337661e-18
  5.9800000000e+02   5.7503613877e-18
  5.9850000000e+02   7.2544387851e-18
  5.9900000000e+02   5.3687169307e-18
  5.9950000000e+02   4.7999676328e-18
  6.0000000000e+02   5.5675655390e-18
  6.0050000000e+02   6.8921496441e-18
  6.0100000000e+02   1.1191991692e-17
  6.0150000000e+02   6.4471296129e-18
  6.0200000000e+02   1.7881120307e-18
  6.0250000000e+02   2.9193036915e-18
  6.0300000000e+02   6.8570966183e-19
  6.0350000000e+02   5.0598682751e-18
  6.0400000000e+02   9.4580716902e-18
  6.0450000000e+02   3.3958208995e-18
  6.0500000000e+02   5.8917186100e-18
  6.0550000000e+02   5.4728051362e-18
  6.0600000000e+02   5.4210108624e-18
  6.0650000000e+02   7.1302265513e-18
  6.0700000000e+02   3.9271472958e-18
  6.0750000000e+02   5.3829300337e-18
  6.0800000000e+02   2.6134670316e-17
  6.0850000000e+02   2.9612814552e-18
  6.0900000000e+02   7.7214683496e-18
  6.0950000000e+02   3.4846601906e-18
  6.1000000000e+02   8.6878358793e-18
  6.1050000000e+02   4.7234397190e-18
  6.1100000000e+02   4.5600981422e-18
  6.1150000000e+02   7.5894152074e-19
  6.1200000000e+02   1.1016262378e-17
  6.1250000000e+02   4.9447226916e-18
  6.1300000000e+02   4.2102796594e-18
  6.1350000000e+02   7.0105220068e-18
  6.1400000000e+02   4.9554088619e-18
  6.1450000000e+02   6.7682357267e-18
  6.1500000000e+02   2.9830340655e-18
  6.1550000000e+02   8.0465041380e-18
  6.1600000000e+02   8.2463536302e-18
  6.1650000000e+02   5.7626135920e-18
  6.1700000000e+02   3.7006092994e-18
  6.1750000000e+02   8.7411173658e-19
  6.1800000000e+02   5.3687169307e-18
  6.1850000000e+02   4.6100908736e-18
  6.1900000000e+02   2.5771191440e-18
  6.1950000000e+02   7.9265486217e-18
  6.2000000000e+02   1.8098383929e-17
  6.2050000000e+02   4.9743498153e-18
  6.2100000000e+02   4.7234397190e-18
  6.2150000000e+02   7.9568917132e-18
  6.2200000000e+02   5.8907209437e-18
  6.2250000000e+02   5.6887045518e-18
  6.2300000000e+02   4.8146389894e-18
  6.2350000000e+02   7.2730492771e-19
  6.2400000000e+02   1.0570276157e-17
  6.2450000000e+02   3.7306638972e-18
  6.2500000000e+02   1.0634028237e-17
  6.2550000000e+02   5.0911344940e-18
  6.2600000000e+02   1.1691802173e-17
  6.2650000000e+02   5.3159085953e-18
  6.2700000000e+02   3.9091465259e-18
  6.2750000000e+02   9.5113640052e-18
  6.2800000000e+02   3.1207323975e-17
  6.2850000000e+02   8.9142256038e-18
  6.2900000000e+02   9.3266597430e-19
  6.2950000000e+02   7.3318044616e-18
  6.3000000000e+02   7.3797461524e-18
  6.3050000000e+02   7.8280598176e-18
  6.3100000000e+02   9.3599996777e-18
  6.3150000000e+02   2.1602847317e-17
  6.3200000000e+02   3.8500628260e-18
  6.3250000000e+02   6.5169479740e-18
  6.3300000000e+02   9.5039458078e-18
  6.3350000000e+02   1.2358953675e-17
  6.3400000000e+02   8.0734851058e-18
  6.3450000000e+02   1.5332934167e-18
  6.3500000000e+02   3.6926595388e-18
  6.3550000000e+02   4.8304826740e-18
  6.3600000000e+02   1.0463534003e-17
  6.3650000000e+02   1.1926223897e-18
  6.3700000000e+02   4.0913371354e-18
  6.3750000000e+02   4.1256706364e-18
  6.3800000000e+02   5.0295763668e-18
  6.3850000000e+02   2.6223352098e-18
  6.3900000000e+02   1.1056736068e-18
  6.3950000000e+02   8.9700941084e-18
  6.4000000000e+02   1.4820294176e-17
  6.4050000000e+02   1.3200578872e-17
  6.4100000000e+02   7.1128951110e-18
  6.4150000000e+02   7.7252733409e-18
  6.4200000000e+02   4.5947664294e-18
  6.4250000000e+02   3.3099255807e-18
  6.4300000000e+02   3.8865283233e-18
  6.4350000000e+02   3.9181572482e-18
  6.4400000000e+02   1.2043919748e-17
  6.4450000000e+02   5.3170141186e-18
  6.4500000000e+02   5.2222092010e-18
  6.4550000000e+02   5.6545067285e-18
  6.4600000000e+02   1.2251484549e-17
  6.4650000000e+02   1.3010426070e-18
  6.4700000000e+02   2.7599281500e-18
  6.4750000000e+02   5.2098142539e-18
  6.4800000000e+02   1.9839714801e-17
  6.4850000000e+02   2.0705990790e-17
  6.4900000000e+02   1.7173570759e-17
  6.4950000000e+02   8.9010291116e-18
  6.5000000000e+02   1.0285644927e-18
  6.5050000000e+02   1.9515639105e-18
  6.5100000000e+02   3.3470077925e-18
  6.5150000000e+02   1.3714193237e-18
  6.5200000000e+02   2.1807292234e-17
  6.5250000000e+02   3.2180903080e-18
  6.5300000000e+02   4.6100908736e-18
  6.5350000000e+02   3.7760755389e-18
  6.5400000000e+02   7.5272058368e-18
  6.5450000000e+02   3.5315711889e-18
  6.5500000000e+02   2.1684043450e-19
  6.5550000000e+02   1.8934776920e-18
  6.5600000000e+02   1.0435973917e-17
  6.5650000000e+02   4.5121571511e-18
  6.5700000000e+02   4.4571128019e-18
  6.5750000000e+02   7.1590190456e-18
  6.5800000000e+02   8.4345075797e-18
  6.5850000000e+02   3.1273172207e-18
  6.5900000000e+02   1.3585014283e-18
  6.5950000000e+02   3.2974721750e-18
  6.6000000000e+02   2.0333632927e-17
  6.6050000000e+02   3.3680143238e-18
  6.6100000000e+02   1.0435973917e-17
  6.6150000000e+02   4.6024350296e-18
  6.6200000000e+02   5.4566722374e-18
  6.6250000000e+02   1.9991700260e-18
  6.6300000000e+02   8.3448358488e-18
  6.6350000000e+02   5.0621909138e-18
  6.6400000000e+02   1.1040777336e-17
  6.6450000000e+02   8.8931018168e-18
  6.6500000000e+02   4.3705586829e-18
  6.6550000000e+02   4.6355190360e-18
  6.6600000000e+02   1.1535931495e-17
  6.6650000000e+02   3.8925726945e-18
  6.6700000000e+02   2.6200929390e-18
  6.6750000000e+02   2.2351400383e-18
  6.6800000000e+02   6.3144887663e-18
  6.6850000000e+02   5.8986975498e-18
  6.6900000000e+02   4.2959587181e-18
  6.6950000000e+02   4.2767618707e-18
  6.7000000000e+02   5.2086859780e-18
  6.7050000000e+02   4.9660720374e-18
  6.7100000000e+02   6.5493349938e-18
  6.7150000000e+02   2.6379777400e-18
  6.7200000000e+02   1.0499421899e-17
  6.7250000000e+02   7.0105220068e-18
  6.7300000000e+02   3.5795095228e-18
  6.7350000000e+02   8.7518690518e-18
  6.7400000000e+02   8.4678896663e-19
  6.7450000000e+02   1.0610235340e-17
  6.7500000000e+02   6.7360286476e-18
  6.7550000000e+02   4.3177934647e-18
  6.7600000000e+02   2.7882551870e-17
  6.7650000000e+02   2.2113472137e-18
  6.7700000000e+02   3.4711406045e-18
  6.7750000000e+02   3.9166569008e-18
  6.7800000000e+02   1.4746743875e-18
  6.7850000000e+02   6.7682357267e-18
  6.7900000000e+02   6.6570366550e-18
  6.7950000000e+02   7.3318044616e-18
  6.8000000000e+02   1.5768340594e-17
  6.8050000000e+02   1.0521789675e-17
  6.8100000000e+02   8.3024688336e-18
  6.8150000000e+02   7.8520493313e-18
  6.8200000000e+02   5.1095723433e-18
  6.8250000000e+02   2.4771113240e-18
  6.8300000000e+02   6.8570966183e-19
  6.8350000000e+02   1.8463297694e-18
  6.8400000000e+02   3.5524294085e-17
  6.8450000000e+02   5.2334518603e-18
  6.8500000000e+02   7.7001256519e-18
  6.8550000000e+02   4.9375857295e-18
  6.8600000000e+02   6.2668386178e-18
  6.8650000000e+02   3.8925726945e-18
  6.8700000000e+02   6.1809033645e-18
  6.8750000000e+02   1.2266347333e-18
  6.8800000000e+02   2.1684043450e-19
  6.8850000000e+02   7.4210450973e-18
  6.8900000000e+02   7.0797654706e-18
  6.8950000000e+02   3.8744112921e-18
  6.9000000000e+02   2.5217899274e-18
  6.9050000000e+02   7.0897206180e-18
  6.9100000000e+02   3.4575681552e-18
  6.9150000000e+02   6.6490858420e-18
  6.9200000000e+02   2.9367472657e-17
  6.9250000000e+02   2.2560785756e-18
  6.9300000000e+02   6.4004670241e-18
  6.9350000000e+02   6.8313341104e-18
  6.9400000000e+02   1.2213045410e-17
  6.9450000000e+02   4.3205150493e-18
  6.9500000000e+02   1.7757431109e-17
  6.9550000000e+02   5.1051648453e-17
  6.9600000000e+02   2.7004252915e-17
  6.9650000000e+02   1.2968798391e-17
  6.9700000000e+02   1.2800934048e-17
  6.9750000000e+02   8.9405601534e-19
  6.9800000000e+02   5.6012448816e-18
  6.9850000000e+02   3.2598265186e-18
  6.9900000000e+02   9.5489840713e-18
  6.9950000000e+02   6.9693203812e-18
  7.0000000000e+02   1.0274210077e-17
  7.0050000000e+02   1.9545732629e-18
  7.0100000000e+02   1.8526854845e-18
  7.0150000000e+02   4.4702800767e-19
  7.0200000000e+02   3.6926595388e-18
  7.0250000000e+02   7.2081100371e-18
  7.0300000000e+02   3.1516546867e-18
  7.0350000000e+02   7.5123554085e-18
  7.0400000000e+02   1.1657064251e-17
  7.0450000000e+02   4.5998802501e-18
  7.0500000000e+02   4.0697316132e-18
  7.0550000000e+02   1.0591939428e-17
  7.0600000000e+02   4.5742539768e-18
  7.0650000000e+02   2.2973832147e-18
  7.0700000000e+02   1.3585014283e-18
  7.0750000000e+02   6.1379633384e-18
  7.0800000000e+02   2.8109914668e-17
  7.0850000000e+02   3.9465554789e-18
  7.0900000000e+02   6.7403899486e-18
  7.0950000000e+02   4.8486995181e-18
  7.1000000000e+02   1.2379386031e-17
  7.1050000000e+02   4.2102796594e-18
  7.1100000000e+02   4.3584387927e-18
  7.1150000000e+02   7.8931109579e-18
  7.1200000000e+02   2.7755575616e-17
  7.1250000000e+02   7.0763110838e-17
  7.1300000000e+02   6.9388939039e-18
  7.1350000000e+02   2.4532694667e-17
  7.1400000000e+02   6.9388939039e-18
  7.1450000000e+02   6.2546344414e-18
  7.1500000000e+02   2.4532694667e-18
  7.1550000000e+02   5.4856772947e-18
  7.1600000000e+02   2.6020852140e-18
  7.1650000000e+02   6.9388939039e-18
  7.1700000000e+02   2.7428386473e-18
  7.1750000000e+02   8.6736173799e-18
  7.1800000000e+02   5.5538249671e-18
  7.1850000000e+02   1.0444418402e-17
  7.1900000000e+02   3.7053709690e-18
  7.1950000000e+02   9.8894453833e-18
  7.2000000000e+02   1.6599273353e-17
  7.2050000000e+02   8.6410300986e-18
  7.2100000000e+02   1.0489340839e-17
  7.2150000000e+02   3.3871558665e-18
  7.2200000000e+02   4.6909758310e-18
  7.2250000000e+02   6.7464910334e-18
  7.2300000000e+02   8.3307374507e-18
  7.2350000000e+02   6.6340416410e-18
  7.2400000000e+02   0.0000000000e+00
  7.2450000000e+02   7.8182930517e-19
  7.2500000000e+02   3.5031644299e-18
  7.2550000000e+02   6.5052130349e-19
  7.2600000000e+02   6.5232580433e-18
  7.2650000000e+02   3.9271472958e-18
  7.2700000000e+02   8.0230960764e-18
  7.2750000000e+02   2.1684043450e-18
  7.2800000000e+02   1.6747326715e-17
  7.2850000000e+02   8.1740503363e-18
  7.2900000000e+02   6.6940155851e-18
  7.2950000000e+02   6.0715321659e-18
  7.3000000000e+02   1.5786221916e-18
  7.3050000000e+02   6.6056301972e-18
  7.3100000000e+02   4.3368086899e-19
  7.3150000000e+02   5.8345793679e-18
  7.3200000000e+02   1.1377409104e-17
  7.3250000000e+02   7.5863168545e-18
  7.3300000000e+02   2.1792193963e-18
  7.3350000000e+02   6.8682303615e-18
  7.3400000000e+02   3.4711406045e-18
  7.3450000000e+02   4.2339448331e-18
  7.3500000000e+02   7.2219584841e-18
  7.3550000000e+02   1.2690261071e-18
  7.3600000000e+02   3.6799042000e-18
  7.3650000000e+02   3.3045941535e-18
  7.3700000000e+02   2.5862256004e-18
  7.3750000000e+02   2.1711131585e-18
  7.3800000000e+02   1.4731191809e-17
  7.3850000000e+02   1.9784833050e-18
  7.3900000000e+02   4.6011578171e-18
  7.3950000000e+02   6.7360286476e-18
  7.4000000000e+02   1.3587177330e-17
  7.4050000000e+02   6.0287880480e-18
  7.4100000000e+02   1.6406956035e-18
  7.4150000000e+02   8.9563237157e-18
  7.4200000000e+02   1.3055523003e-18
  7.4250000000e+02   4.2767618707e-18
  7.4300000000e+02   7.2698160921e-18
  7.4350000000e+02   1.9635736479e-18
  7.4400000000e+02   1.5615522666e-17
  7.4450000000e+02   6.8570966183e-18
  7.4500000000e+02   8.4456496025e-18
  7.4550000000e+02   7.0598130623e-18
  7.4600000000e+02   6.5088260388e-18
  7.4650000000e+02   7.5272058368e-18
  7.4700000000e+02   4.4240231624e-18
  7.4750000000e+02   3.6429838348e-18
  7.4800000000e+02   6.3636294978e-17
  7.4850000000e+02   3.5031644299e-18
  7.4900000000e+02   4.3368086899e-19
  7.4950000000e+02   3.5778671692e-18
  7.5000000000e+02   7.0063288597e-18
  7.5050000000e+02   2.8376286408e-18
  7.5100000000e+02   1.0228342839e-18
  7.5150000000e+02   2.3050454368e-18
  7.5200000000e+02   5.8386073831e-18
  7.5250000000e+02   1.3522570067e-17
  7.5300000000e+02   6.5842411604e-18
  7.5350000000e+02   5.0621909138e-18
  7.5400000000e+02   9.9486996306e-18
  7.5450000000e+02   2.2325089132e-18
  7.5500000000e+02   7.2178881696e-18
  7.5550000000e+02   3.3662687863e-18
  7.5600000000e+02   5.2086859780e-18
  7.5650000000e+02   4.9494749490e-18
  7.5700000000e+02   9.9887917436e-18
  7.5750000000e+02   5.7288569781e-18
  7.5800000000e+02   4.3368086899e-19
  7.5850000000e+02   3.3662687863e-18
  7.5900000000e+02   4.4702800767e-18
  7.5950000000e+02   3.2518836357e-17
  7.6000000000e+02   1.2516784215e-17
  7.6050000000e+02   1.8840177127e-17
  7.6100000000e+02   1.5786221916e-18
  7.6150000000e+02   4.3368086899e-18
  7.6200000000e+02   2.1684043450e-18
  7.6250000000e+02   6.9828007040e-18
  7.6300000000e+02   6.5088260388e-18
  7.6350000000e+02   4.8921431891e-18
  7.6400000000e+02   1.9303670874e-17
  7.6450000000e+02   3.4694469520e-18
  7.6500000000e+02   3.5762240613e-18
  7.6550000000e+02   2.8189256485e-18
  7.6600000000e+02   4.4650178264e-18
  7.6650000000e+02   6.3774685055e-18
  7.6700000000e+02   5.8345793679e-18
  7.6750000000e+02   7.3374137997e-18
  7.6800000000e+02   7.8182930517e-19
  7.6850000000e+02   7.8182930517e-18
  7.6900000000e+02   3.5299065312e-18
  7.6950000000e+02   8.7303524389e-18
  7.7000000000e+02   8.7411173658e-18
  7.7050000000e+02   3.9983400520e-18
  7.7100000000e+02   8.7276591325e-18
  7.7150000000e+02   5.8986975498e-18
  7.7200000000e+02   1.3125564828e-17
  7.7250000000e+02   3.0665868334e-18
  7.7300000000e+02   4.1142579710e-18
  7.7350000000e+02   1.9991700260e-18
  7.7400000000e+02   2.6111046005e-18
  7.7450000000e+02   5.7411550752e-18
  7.7500000000e+02   4.1427306842e-18
  7.7550000000e+02   4.4226944273e-18
  7.7600000000e+02   1.2630838978e-17
  7.7650000000e+02   1.0033410995e-17
  7.7700000000e+02   9.5113640052e-18
  7.7750000000e+02   9.3819516621e-18
  7.7800000000e+02   6.3033093735e-18
  7.7850000000e+02   2.7170028567e-18
  7.7900000000e+02   3.8607341748e-18
  7.7950000000e+02   7.8092667339e-18
  7.8000000000e+02   2.0178980230e-17
  7.8050000000e+02   5.9818097629e-18
  7.8100000000e+02   1.2266347333e-18
  7.8150000000e+02   8.6736173799e-19
  7.8200000000e+02   7.5739107679e-18
  7.8250000000e+02   2.6379777400e-18
  7.8300000000e+02   2.0456685677e-18
  7.8350000000e+02   6.9015238242e-18
  7.8400000000e+02   1.3472057295e-17
  7.8450000000e+02   8.8453888547e-18
  7.8500000000e+02   4.2932215667e-18
  7.8550000000e+02   6.2093650808e-18
  7.8600000000e+02   3.2526065175e-18
  7.8650000000e+02   4.6909758310e-18
  7.8700000000e+02   1.5786221916e-18
  7.8750000000e+02   7.0598130623e-18
  7.8800000000e+02   1.7813939905e-17
  7.8850000000e+02   3.7306638972e-18
  7.8900000000e+02   2.3852447795e-18
  7.8950000000e+02   4.3368086899e-19
  7.9000000000e+02   5.7041812411e-18
  7.9050000000e+02   2.8189256485e-18
  7.9100000000e+02   5.6378512969e-18
  7.9150000000e+02   1.0973497223e-17
  7.9200000000e+02   3.1046825404e-18
  7.9250000000e+02   3.7117103593e-18
  7.9300000000e+02   7.4613277944e-18
  7.9350000000e+02   5.4856772947e-18
  7.9400000000e+02   4.9447226916e-18
  7.9450000000e+02   6.9524332220e-18
  7.9500000000e+02   4.8486995181e-18
  7.9550000000e+02   8.2854613684e-18
  7.9600000000e+02   2.4852600502e-17
  7.9650000000e+02   1.9394798072e-18
  7.9700000000e+02   1.1572048930e-17
  7.9750000000e+02   6.9928938927e-18
  7.9800000000e+02   1.5636586103e-18
  7.9850000000e+02   4.3368086899e-18
  7.9900000000e+02   4.3368086899e-18
  7.9950000000e+02   1.1995020156e-17
  8.0000000000e+02   1.0152208857e-17
  8.0050000000e+02   5.0761044286e-18
  8.0100000000e+02   2.1684043450e-18
  8.0150000000e+02   8.9405601534e-18
  8.0200000000e+02   0.0000000000e+00
  8.0250000000e+02   5.2759554801e-18
  8.0300000000e+02   5.8345793679e-18
  8.0350000000e+02   2.1684043450e-18
  8.0400000000e+02   3.3053766343e-17
  8.0450000000e+02   7.4107419379e-18
  8.0500000000e+02   5.6378512969e-18
  8.0550000000e+02   5.8345793679e-18
  8.0600000000e+02   7.7579192289e-18
  8.0650000000e+02   3.3871558665e-18
  8.0700000000e+02   4.4226944273e-18
  8.0750000000e+02   1.0124381828e-17
  8.0800000000e+02   3.5093331581e-17
  8.0850000000e+02   3.9983400520e-18
  8.0900000000e+02   1.2266347333e-18
  8.0950000000e+02   7.4613277944e-18
  8.1000000000e+02   7.4107419379e-18
  8.1050000000e+02   3.5762240613e-18
  8.1100000000e+02   6.9928938927e-18
  8.1150000000e+02   8.6736173799e-19
  8.1200000000e+02   1.7772239895e-16
  8.1250000000e+02   6.2546344414e-18
  8.1300000000e+02   4.3368086899e-18
  8.1350000000e+02   4.9065389334e-18
  8.1400000000e+02   7.1524481227e-18
  8.1450000000e+02   6.3144887663e-18
  8.1500000000e+02   1.9394798072e-18
  8.1550000000e+02   4.3368086899e-18
  8.1600000000e+02   1.0551910960e-17
  8.1650000000e+02   8.6736173799e-18
  8.1700000000e+02   6.9388939039e-18
  8.1750000000e+02   1.0408340856e-17
  8.1800000000e+02   9.8130778668e-18
  8.1850000000e+02   1.7347234760e-18
  8.1900000000e+02   3.4694469520e-18
  8.1950000000e+02   7.7579192289e-18
  8.2000000000e+02   1.0971354589e-17
  8.2050000000e+02   0.0000000000e+00
  8.2100000000e+02   0.0000000000e+00
  8.2150000000e+02   6.9388939039e-18
  8.2200000000e+02   3.4694469520e-18
  8.2250000000e+02   0.0000000000e+00
  8.2300000000e+02   0.0000000000e+00
  8.2350000000e+02   1.1102230246e-16
  8.2400000000e+02   5.5511151231e-17
  8.2450000000e+02   7.4427932446e-18
  8.2500000000e+02   1.2958030398e-17
  8.2550000000e+02   8.0517980715e-18
  8.2600000000e+02   8.5843893698e-18
  8.2650000000e+02   4.1462760256e-18
  8.2700000000e+02   6.9560251736e-18
  8.2750000000e+02   8.9564877735e-18
  8.2800000000e+02   2.5775980331e-17
  8.2850000000e+02   6.9422812089e-19
  8.2900000000e+02   8.1322390630e-18
  8.2950000000e+02   8.6316725315e-18
  8.3000000000e+02   5.9692690096e-18
  8.3050000000e+02   3.3470077925e-18
  8.3100000000e+02   5.1883350541e-18
  8.3150000000e+02   4.9089341197e-18
  8.3200000000e+02   1.0452574919e-17
  8.3250000000e+02   6.9667899168e-18
  8.3300000000e+02   5.2269902859e-18
  8.3350000000e+02   7.6021825654e-18
  8.3400000000e+02   7.3767589249e-18
  8.3450000000e+02   5.3687169307e-18
  8.3500000000e+02   6.3666305023e-18
  8.3550000000e+02   8.5975591603e-18
  8.3600000000e+02   1.8021335078e-17
  8.3650000000e+02   3.5844320686e-18
  8.3700000000e+02   2.3833959911e-18
  8.3750000000e+02   3.4592676236e-18
  8.3800000000e+02   1.3700150427e-17
  8.3850000000e+02   4.0747831483e-18
  8.3900000000e+02   2.6077259863e-18
  8.3950000000e+02   1.3460054488e-17
  8.4000000000e+02   4.4562819608e-17
  8.4050000000e+02   5.3390765126e-18
  8.4100000000e+02   1.2023528351e-17
  8.4150000000e+02   6.9422812089e-18
  8.4200000000e+02   4.7760305566e-18
  8.4250000000e+02   2.9398677206e-18
  8.4300000000e+02   5.2348554950e-18
  8.4350000000e+02   6.2586268866e-18
  8.4400000000e+02   2.3725517140e-17
  8.4450000000e+02   3.8595922273e-18
  8.4500000000e+02   7.6087513284e-19
  8.4550000000e+02   3.9706823067e-18
  8.4600000000e+02   1.2997092586e-17
  8.4650000000e+02   3.6174840512e-18
  8.4700000000e+02   1.2295660503e-17
  8.4750000000e+02   1.1369140637e-17
  8.4800000000e+02   1.5233426356e-17
  8.4850000000e+02   8.0040266191e-18
  8.4900000000e+02   2.3778410013e-18
  8.4950000000e+02   6.3721671049e-18
  8.5000000000e+02   1.0751929684e-17
  8.5050000000e+02   3.2643309100e-18
  8.5100000000e+02   5.1156077826e-18
  8.5150000000e+02   2.4364413540e-18
  8.5200000000e+02   3.9414477137e-17
  8.5250000000e+02   1.6979104498e-18
  8.5300000000e+02   2.7694946541e-18
  8.5350000000e+02   5.8499213062e-18
  8.5400000000e+02   2.6026498413e-18
  8.5450000000e+02   4.3923571158e-18
  8.5500000000e+02   1.1546880390e-17
  8.5550000000e+02   1.0598596141e-17
  8.5600000000e+02   2.4314306414e-17
  8.5650000000e+02   2.2638805997e-18
  8.5700000000e+02   5.7829762477e-18
  8.5750000000e+02   6.2341624918e-18
  8.5800000000e+02   2.4544670599e-18
  8.5850000000e+02   2.9583027975e-18
  8.5900000000e+02   4.1924431160e-18
  8.5950000000e+02   1.6272065097e-18
  8.6000000000e+02   1.9546709892e-17
  8.6050000000e+02   1.6389034723e-18
  8.6100000000e+02   4.9378833089e-18
  8.6150000000e+02   1.7457001760e-18
  8.6200000000e+02   2.1479793591e-18
  8.6250000000e+02   3.6578770412e-18
  8.6300000000e+02   5.7434580368e-18
  8.6350000000e+02   6.5351854221e-18
  8.6400000000e+02   1.7880873782e-17
  8.6450000000e+02   1.4136266821e-18
  8.6500000000e+02   1.1193041942e-17
  8.6550000000e+02   6.9085461118e-18
  8.6600000000e+02   9.2077429402e-18
  8.6650000000e+02   1.0308476576e-17
  8.6700000000e+02   7.3679894040e-18
  8.6750000000e+02   5.1942789766e-18
  8.6800000000e+02   1.9720710649e-17
  8.6850000000e+02   2.1479793591e-18
  8.6900000000e+02   4.8486995181e-19
  8.6950000000e+02   1.5832693085e-18
  8.7000000000e+02   1.2695123196e-17
  8.7050000000e+02   2.5759785734e-18
  8.7100000000e+02   7.2619291730e-18
  8.7150000000e+02   5.1843686531e-18
  8.7200000000e+02   2.5893882704e-17
  8.7250000000e+02   1.1727439578e-18
  8.7300000000e+02   1.2794045035e-18
  8.7350000000e+02   5.0216822441e-18
  8.7400000000e+02   2.8189256485e-18
  8.7450000000e+02   4.5124827858e-18
  8.7500000000e+02   1.6866227584e-18
  8.7550000000e+02   5.7829762477e-18
  8.7600000000e+02   2.6368300592e-17
  8.7650000000e+02   4.6040310469e-18
  8.7700000000e+02   3.1693215722e-18
  8.7750000000e+02   9.5907472572e-19
  8.7800000000e+02   2.3335547091e-18
  8.7850000000e+02   7.2675924431e-18
  8.7900000000e+02   1.7013685194e-18
  8.7950000000e+02   6.0506835611e-18
  8.8000000000e+02   1.5758273434e-18
  8.8050000000e+02   7.1664041323e-18
  8.8100000000e+02   7.9276607815e-18
  8.8150000000e+02   3.0790196393e-18
  8.8200000000e+02   9.3047352286e-18
  8.8250000000e+02   1.6272065097e-18
  8.8300000000e+02   2.9238301364e-18
  8.8350000000e+02   1.0403963599e-17
  8.8400000000e+02   2.8810263012e-17
  8.8450000000e+02   5.9704996599e-18
  8.8500000000e+02   5.9507787153e-18
  8.8550000000e+02   3.4499101875e-18
  8.8600000000e+02   8.6221343925e-18
  8.8650000000e+02   7.7071829019e-18
  8.8700000000e+02   8.4945700730e-18
  8.8750000000e+02   9.3599996777e-18
  8.8800000000e+02   3.1986582605e-17
  8.8850000000e+02   1.0693828497e-17
  8.8900000000e+02   3.6743098154e-18
  8.8950000000e+02   8.0040266191e-19
  8.9000000000e+02   7.5272058368e-18
  8.9050000000e+02   3.5663495168e-18
  8.9100000000e+02   3.5795095228e-18
  8.9150000000e+02   6.1451408462e-18
  8.9200000000e+02   1.8818014592e-17
  8.9250000000e+02   4.7034884588e-18
  8.9300000000e+02   6.4336688466e-18
  8.9350000000e+02   4.5539717922e-18
  8.9400000000e+02   6.9492623110e-18
  8.9450000000e+02   7.0140842109e-18
  8.9500000000e+02   3.8340001118e-18
  8.9550000000e+02   7.2976552100e-18
  8.9600000000e+02   8.7579110746e-18
  8.9650000000e+02   3.6162652907e-18
  8.9700000000e+02   7.9146758591e-18
  8.9750000000e+02   2.5714112319e-18
  8.9800000000e+02   4.1755861814e-18
  8.9850000000e+02   5.4258875787e-18
  8.9900000000e+02   1.1729694638e-17
  8.9950000000e+02   4.3993766020e-18
  9.0000000000e+02   2.2540586634e-17
  9.0050000000e+02   6.1582778837e-18
  9.0100000000e+02   4.0729797478e-18
  9.0150000000e+02   3.9405939114e-18
  9.0200000000e+02   8.3457162079e-18
  9.0250000000e+02   9.3618832933e-18
  9.0300000000e+02   5.1988031181e-18
  9.0350000000e+02   3.1609653560e-18
  9.0400000000e+02   1.5765731207e-17
  9.0450000000e+02   1.6856205928e-17
  9.0500000000e+02   1.5088047412e-17
  9.0550000000e+02   1.1137374136e-17
  9.0600000000e+02   4.9713950483e-18
  9.0650000000e+02   6.6775324382e-18
  9.0700000000e+02   2.5270285042e-18
  9.0750000000e+02   2.6496490353e-18
  9.0800000000e+02   1.6554066586e-17
  9.0850000000e+02   1.3595826075e-18
  9.0900000000e+02   5.3390765126e-18
  9.0950000000e+02   2.4723613458e-18
  9.1000000000e+02   4.6107282868e-18
  9.1050000000e+02   4.2856853864e-18
  9.1100000000e+02   1.2182206770e-18
  9.1150000000e+02   3.2535098938e-18
  9.1200000000e+02   9.2483462144e-18
  9.1250000000e+02   7.3185654397e-18
  9.1300000000e+02   6.5775428225e-18
  9.1350000000e+02   8.2748139517e-19
  9.1400000000e+02   9.8924165251e-19
  9.1450000000e+02   2.0348658066e-18
  9.1500000000e+02   5.4582876730e-18
  9.1550000000e+02   8.7964149313e-18
  9.1600000000e+02   1.0503059904e-17
  9.1650000000e+02   9.2827589319e-18
  9.1700000000e+02   3.9129035152e-18
  9.1750000000e+02   1.1975404411e-18
  9.1800000000e+02   5.0674129587e-18
  9.1850000000e+02   7.7047040642e-18
  9.1900000000e+02   2.8531208140e-18
  9.1950000000e+02   7.4101470878e-18
  9.2000000000e+02   1.0917921260e-17
  9.2050000000e+02   1.3784725670e-17
  9.2100000000e+02   2.6228954779e-18
  9.2150000000e+02   4.7519729039e-18
  9.2200000000e+02   1.0432171669e-17
  9.2250000000e+02   8.5607356753e-18
  9.2300000000e+02   3.0377015413e-18
  9.2350000000e+02   3.4770618916e-18
  9.2400000000e+02   1.2157697085e-17
  9.2450000000e+02   7.2895968427e-18
  9.2500000000e+02   5.2628495743e-18
  9.2550000000e+02   4.4837364034e-18
  9.2600000000e+02   1.1451813273e-17
  9.2650000000e+02   3.3399762558e-18
  9.2700000000e+02   4.8274398500e-18
  9.2750000000e+02   1.2591924218e-17
  9.2800000000e+02   4.0805486738e-18
  9.2850000000e+02   5.5283680342e-19
  9.2900000000e+02   8.2820911675e-18
  9.2950000000e+02   3.6550640620e-18
  9.3000000000e+02   3.9703122351e-18
  9.3050000000e+02   1.7782237777e-18
  9.3100000000e+02   7.9207999747e-18
  9.3150000000e+02   3.6799042000e-18
  9.3200000000e+02   1.5546491356e-17
  9.3250000000e+02   3.0521783582e-18
  9.3300000000e+02   5.3393517156e-18
  9.3350000000e+02   9.3067879121e-18
  9.3400000000e+02   2.0057740191e-18
  9.3450000000e+02   3.6659022308e-18
  9.3500000000e+02   1.6944453228e-18
  9.3550000000e+02   1.9750342918e-17
  9.3600000000e+02   4.5195757914e-17
  9.3650000000e+02   1.8648986497e-17
  9.3700000000e+02   3.1046825404e-18
  9.3750000000e+02   6.1458581360e-18
  9.3800000000e+02   4.4604082647e-18
  9.3850000000e+02   2.3877076039e-18
  9.3900000000e+02   5.9009390276e-18
  9.3950000000e+02   1.9227401627e-18
  9.4000000000e+02   7.2874397188e-17
  9.4050000000e+02   2.2871269884e-18
  9.4100000000e+02   1.5804826780e-18
  9.4150000000e+02   3.0343136790e-18
  9.4200000000e+02   3.5535542860e-18
  9.4250000000e+02   4.0020133096e-18
  9.4300000000e+02   4.1498183381e-18
  9.4350000000e+02   2.0521229280e-18
  9.4400000000e+02   3.2476334557e-18
  9.4450000000e+02   3.8744112921e-18
  9.4500000000e+02   2.3158568556e-18
  9.4550000000e+02   5.9859841755e-18
  9.4600000000e+02   9.1383837421e-18
  9.4650000000e+02   4.6909758310e-18
  9.4700000000e+02   3.9065144835e-18
  9.4750000000e+02   1.5804826780e-18
  9.4800000000e+02   1.2937262583e-17
  9.4850000000e+02   1.0812844532e-17
  9.4900000000e+02   4.4630428829e-18
  9.4950000000e+02   6.7371192376e-18
  9.5000000000e+02   7.3264415290e-18
  9.5050000000e+02   2.4760730449e-18
  9.5100000000e+02   1.9030952586e-17
  9.5150000000e+02   3.1118975133e-17
  9.5200000000e+02   2.4607000771e-17
  9.5250000000e+02   9.3307943808e-18
  9.5300000000e+02   7.7746160165e-18
  9.5350000000e+02   3.4850818326e-18
  9.5400000000e+02   6.4889862329e-18
  9.5450000000e+02   4.3961189487e-18
  9.5500000000e+02   6.8271385205e-18
  9.5550000000e+02   6.6063530934e-18
  9.5600000000e+02   1.7772525957e-17
  9.5650000000e+02   5.9158605088e-18
  9.5700000000e+02   3.9325688237e-18
  9.5750000000e+02   1.1907728838e-18
  9.5800000000e+02   9.5695813597e-18
  9.5850000000e+02   4.1231768151e-18
  9.5900000000e+02   7.5952695772e-18
  9.5950000000e+02   7.3486696184e-18
  9.6000000000e+02   8.6101115325e-18
  9.6050000000e+02   2.0408144016e-18
  9.6100000000e+02   6.6548842478e-18
  9.6150000000e+02   4.6400338058e-18
  9.6200000000e+02   9.1263567162e-18
  9.6250000000e+02   2.3533057091e-18
  9.6300000000e+02   3.9543663970e-18
  9.6350000000e+02   5.3306070836e-18
  9.6400000000e+02   1.1998082219e-17
  9.6450000000e+02   8.1337295719e-18
  9.6500000000e+02   8.5799806762e-18
  9.6550000000e+02   8.1071303539e-18
  9.6600000000e+02   8.2185099257e-18
  9.6650000000e+02   2.6806610945e-18
  9.6700000000e+02   5.5628790630e-18
  9.6750000000e+02   7.4064777897e-18
  9.6800000000e+02   4.0400172105e-18
  9.6850000000e+02   2.8482240763e-17
  9.6900000000e+02   1.3976250202e-17
  9.6950000000e+02   5.9468884493e-18
  9.7000000000e+02   5.1750072510e-18
  9.7050000000e+02   5.5478027655e-18
  9.7100000000e+02   4.6158244235e-18
  9.7150000000e+02   1.3452956886e-17
  9.7200000000e+02   1.6366089254e-17
  9.7250000000e+02   1.0760399321e-18
  9.7300000000e+02   8.5858013851e-18
  9.7350000000e+02   3.9065144835e-18
  9.7400000000e+02   1.1833832040e-17
  9.7450000000e+02   3.6197173796e-18
  9.7500000000e+02   6.2939780443e-18
  9.7550000000e+02   9.5425960438e-18
  9.7600000000e+02   5.9899103769e-18
  9.7650000000e+02   2.8110960093e-18
  9.7700000000e+02   4.7508905380e-18
  9.7750000000e+02   3.7252443538e-18
  9.7800000000e+02   1.2000225199e-17
  9.7850000000e+02   3.4635126462e-18
  9.7900000000e+02   3.0109799370e-18
  9.7950000000e+02   2.8813067960e-19
  9.8000000000e+02   1.4275514450e-16
  9.8050000000e+02   2.6496490353e-18
  9.8100000000e+02   3.4260831538e-18
  9.8150000000e+02   5.8048497181e-18
  9.8200000000e+02   1.0701829249e-17
  9.8250000000e+02   4.5206972884e-18
  9.8300000000e+02   7.1664041323e-18
  9.8350000000e+02   1.2134167226e-17
  9.8400000000e+02   6.7186098083e-18
  9.8450000000e+02   9.1857745384e-18
  9.8500000000e+02   5.7700033580e-18
  9.8550000000e+02   1.2112654072e-18
  9.8600000000e+02   1.9366366885e-18
  9.8650000000e+02   3.5844320686e-18
  9.8700000000e+02   8.7314463573e-18
  9.8750000000e+02   9.5907472572e-19
  9.8800000000e+02   5.5903476354e-18
  9.8850000000e+02   5.8283430481e-18
  9.8900000000e+02   3.1577097446e-18
  9.8950000000e+02   1.7889335846e-18
  9.9000000000e+02   7.8284821431e-18
  9.9050000000e+02   4.8125785325e-18
  9.9100000000e+02   2.2679335239e-18
  9.9150000000e+02   3.2401595517e-18
  9.9200000000e+02   1.3520532531e-17
  9.9250000000e+02   1.6807319423e-18
  9.9300000000e+02   1.8182623193e-18
  9.9350000000e+02   2.8589087355e-18
  9.9400000000e+02   6.0483153755e-18
  9.9450000000e+02   7.6328525967e-19
  9.9500000000e+02   4.3543913328e-18
  9.9550000000e+02   2.0870891820e-18
  9.9600000000e+02   1.2794045035e-17
  9.9650000000e+02   9.5113640052e-18
  9.9700000000e+02   5.1018020016e-18
  9.9750000000e+02   8.0432621667e-18
  9.9800000000e+02   2.5065947628e-18
  9.9850000000e+02   6.8417044465e-18
  9.9900000000e+02   2.8189256485e-18
  9.9950000000e+02   5.8285321256e-18
  1.0000000000e+03   8.9315164100e-18
  1.0005000000e+03   1.8716231366e-18
  1.0010000000e+03   5.6923195431e-18
  1.0015000000e+03   8.6736173799e-19
  1.0020000000e+03   8.7520369421e-18
  1.0025000000e+03   7.9885911340e-18
  1.0030000000e+03   8.2969806508e-18
  1.0035000000e+03   1.9409944344e-18
  1.0040000000e+03   2.0816681712e-17
  1.0045000000e+03   2.5147881834e-18
  1.0050000000e+03   5.8438899397e-18
  1.0055000000e+03   2.4038072756e-18
  1.0060000000e+03   2.7007299841e-18
  1.0065000000e+03   8.0734851058e-18
  1.0070000000e+03   5.4814569497e-18
  1.0075000000e+03   5.8186919526e-18
  1.0080000000e+03   8.3161292726e-18
  1.0085000000e+03   9.2749994787e-18
  1.0090000000e+03   4.2891125644e-18
  1.0095000000e+03   1.8600072073e-18
  1.0100000000e+03   1.1528063520e-17
  1.0105000000e+03   6.2474063312e-18
  1.0110000000e+03   3.8941766536e-18
  1.0115000000e+03   4.1798067885e-18
  1.0120000000e+03   2.3310914017e-17
  1.0125000000e+03   6.4591975699e-18
  1.0130000000e+03   6.4297850912e-18
  1.0135000000e+03   5.1371050384e-18
  1.0140000000e+03   3.9271472958e-18
  1.0145000000e+03   2.3852447795e-18
  1.0150000000e+03   1.8526854845e-18
  1.0155000000e+03   2.5875888047e-17
  1.0160000000e+03   1.2509268883e-17
  1.0165000000e+03   7.7425891287e-18
  1.0170000000e+03   4.6645949826e-18
  1.0175000000e+03   2.0664048846e-18
  1.0180000000e+03   6.1282940857e-18
  1.0185000000e+03   3.2827972403e-18
  1.0190000000e+03   4.1638030666e-18
  1.0195000000e+03   2.9411481984e-18
  1.0200000000e+03   7.1678528507e-18
  1.0205000000e+03   2.5395353026e-18
  1.0210000000e+03   5.2617326707e-18
  1.0215000000e+03   3.1848889363e-18
  1.0220000000e+03   6.8266618151e-18
  1.0225000000e+03   4.1662725702e-18
  1.0230000000e+03   1.0488808165e-17
  1.0235000000e+03   2.3000962504e-18
  1.0240000000e+03   5.5294310797e-18
