  0.0000000000e+00   3.9561357409e-04
  5.0000000000e-01   3.9565819565e-04
  1.0000000000e+00   3.9579203681e-04
  1.5000000000e+00   3.9601502718e-04
  2.0000000000e+00   3.9632704965e-04
  2.5000000000e+00   3.9672794086e-04
  3.0000000000e+00   3.9721749176e-04
  3.5000000000e+00   3.9779544828e-04
  4.0000000000e+00   3.9846151222e-04
  4.5000000000e+00   3.9921534224e-04
  5.0000000000e+00   4.0005655504e-04
  5.5000000000e+00   4.0098472654e-04
  6.0000000000e+00   4.0199939335e-04
  6.5000000000e+00   4.0310005420e-04
  7.0000000000e+00   4.0428617154e-04
  7.5000000000e+00   4.0555717324e-04
  8.0000000000e+00   4.0691245431e-04
  8.5000000000e+00   4.0835137872e-04
  9.0000000000e+00   4.0987328130e-04
  9.5000000000e+00   4.1147746963e-04
  1.0000000000e+01   4.1316322601e-04
  1.0500000000e+01   4.1492980940e-04
  1.1000000000e+01   4.1677645745e-04
  1.1500000000e+01   4.1870238848e-04
  1.2000000000e+01   4.2070680343e-04
  1.2500000000e+01   4.2278888786e-04
  1.3000000000e+01   4.2494781389e-04
  1.3500000000e+01   4.2718274211e-04
  1.4000000000e+01   4.2949282346e-04
  1.4500000000e+01   4.3187720105e-04
  1.5000000000e+01   4.3433501196e-04
  1.5500000000e+01   4.3686538895e-04
  1.6000000000e+01   4.3946746214e-04
  1.6500000000e+01   4.4214036060e-04
  1.7000000000e+01   4.4488321391e-04
  1.7500000000e+01   4.4769515363e-04
  1.8000000000e+01   4.5057531465e-04
  1.8500000000e+01   4.5352283661e-04
  1.9000000000e+01   4.5653686508e-04
  1.9500000000e+01   4.5961655276e-04
  2.0000000000e+01   4.6276106062e-04
  2.0500000000e+01   4.6596955892e-04
  2.1000000000e+01   4.6924122818e-04
  2.1500000000e+01   4.7257526006e-04
  2.2000000000e+01   4.7597085825e-04
  2.2500000000e+01   4.7942723914e-04
  2.3000000000e+01   4.8294363262e-04
  2.3500000000e+01   4.8651928265e-04
  2.4000000000e+01   4.9015344785e-04
  2.4500000000e+01   4.9384540204e-04
  2.5000000000e+01   4.9759443466e-04
  2.5500000000e+01   5.0139985124e-04
  2.6000000000e+01   5.0526097370e-04
  2.6500000000e+01   5.0917714071e-04
  2.7000000000e+01   5.1314770793e-04
  2.7500000000e+01   5.1717204823e-04
  2.8000000000e+01   5.2124955190e-04
  2.8500000000e+01   5.2537962678e-04
  2.9000000000e+01   5.2956169838e-04
  2.9500000000e+01   5.3379520994e-04
  3.0000000000e+01   5.3807962252e-04
  3.0500000000e+01   5.4241441500e-04
  3.1000000000e+01   5.4679908404e-04
  3.1500000000e+01   5.5123314414e-04
  3.2000000000e+01   5.5571612751e-04
  3.2500000000e+01   5.6024758403e-04
  3.3000000000e+01   5.6482708118e-04
  3.3500000000e+01   5.6945420393e-04
  3.4000000000e+01   5.7412855461e-04
  3.4500000000e+01   5.7884975278e-04
  3.5000000000e+01   5.8361743513e-04
  3.5500000000e+01   5.8843125527e-04
  3.6000000000e+01   5.9329088362e-04
  3.6500000000e+01   5.9819600720e-04
  3.7000000000e+01   6.0314632952e-04
  3.7500000000e+01   6.0814157034e-04
  3.8000000000e+01   6.1318146551e-04
  3.8500000000e+01   6.1826576680e-04
  3.9000000000e+01   6.2339424168e-04
  3.9500000000e+01   6.2856667317e-04
  4.0000000000e+01   6.3378285962e-04
  4.0500000000e+01   6.3904261453e-04
  4.1000000000e+01   6.4434576636e-04
  4.1500000000e+01   6.4969215833e-04
  4.2000000000e+01   6.5508164825e-04
  4.2500000000e+01   6.6051410832e-04
  4.3000000000e+01   6.6598942496e-04
  4.3500000000e+01   6.7150749861e-04
  4.4000000000e+01   6.7706824358e-04
  4.4500000000e+01   6.8267158783e-04
  4.5000000000e+01   6.8831747287e-04
  4.5500000000e+01   6.9400585352e-04
  4.6000000000e+01   6.9973669778e-04
  4.6500000000e+01   7.0550998669e-04
  4.7000000000e+01   7.1132571416e-04
  4.7500000000e+01   7.1718388681e-04
  4.8000000000e+01   7.2308452383e-04
  4.8500000000e+01   7.2902765688e-04
  4.9000000000e+01   7.3501332989e-04
  4.9500000000e+01   7.4104159901e-04
  5.0000000000e+01   7.4711253241e-04
  5.0500000000e+01   7.5322621021e-04
  5.1000000000e+01   7.5938272438e-04
  5.1500000000e+01   7.6558217858e-04
  5.2000000000e+01   7.7182468813e-04
  5.2500000000e+01   7.7811037983e-04
  5.3000000000e+01   7.8443939195e-04
  5.3500000000e+01   7.9081187412e-04
  5.4000000000e+01   7.9722798723e-04
  5.4500000000e+01   8.0368790338e-04
  5.5000000000e+01   8.1019180581e-04
  5.5500000000e+01   8.1673988883e-04
  5.6000000000e+01   8.2333235781e-04
  5.6500000000e+01   8.2996942904e-04
  5.7000000000e+01   8.3665132977e-04
  5.7500000000e+01   8.4337829814e-04
  5.8000000000e+01   8.5015058313e-04
  5.8500000000e+01   8.5696844459e-04
  5.9000000000e+01   8.6383215314e-04
  5.9500000000e+01   8.7074199024e-04
  6.0000000000e+01   8.7769824807e-04
  6.0500000000e+01   8.8470122967e-04
  6.1000000000e+01   8.9175124879e-04
  6.1500000000e+01   8.9884863002e-04
  6.2000000000e+01   9.0599370872e-04
  6.2500000000e+01   9.1318683109e-04
  6.3000000000e+01   9.2042835415e-04
  6.3500000000e+01   9.2771864581e-04
  6.4000000000e+01   9.3505808489e-04
  6.4500000000e+01   9.4244706113e-04
  6.5000000000e+01   9.4988597529e-04
  6.5500000000e+01   9.5737523914e-04
  6.6000000000e+01   9.6491527559e-04
  6.6500000000e+01   9.7250651868e-04
  6.7000000000e+01   9.8014941370e-04
  6.7500000000e+01   9.8784441723e-04
  6.8000000000e+01   9.9559199725e-04
  6.8500000000e+01   1.0033926332e-03
  6.9000000000e+01   1.0112468161e-03
  6.9500000000e+01   1.0191550486e-03
  7.0000000000e+01   1.0271178451e-03
  7.0500000000e+01   1.0351357319e-03
  7.1000000000e+01   1.0432092473e-03
  7.1500000000e+01   1.0513389417e-03
  7.2000000000e+01   1.0595253777e-03
  7.2500000000e+01   1.0677691303e-03
  7.3000000000e+01   1.0760707869e-03
  7.3500000000e+01   1.0844309478e-03
  7.4000000000e+01   1.0928502259e-03
  7.4500000000e+01   1.1013292470e-03
  7.5000000000e+01   1.1098686503e-03
  7.5500000000e+01   1.1184690881e-03
  7.6000000000e+01   1.1271312262e-03
  7.6500000000e+01   1.1358557441e-03
  7.7000000000e+01   1.1446433351e-03
  7.7500000000e+01   1.1534947068e-03
  7.8000000000e+01   1.1624105806e-03
  7.8500000000e+01   1.1713916929e-03
  7.9000000000e+01   1.1804387945e-03
  7.9500000000e+01   1.1895526511e-03
  8.0000000000e+01   1.1987340439e-03
  8.0500000000e+01   1.2079837691e-03
  8.1000000000e+01   1.2173026388e-03
  8.1500000000e+01   1.2266914811e-03
  8.2000000000e+01   1.2361511402e-03
  8.2500000000e+01   1.2456824767e-03
  8.3000000000e+01   1.2552863682e-03
  8.3500000000e+01   1.2649637093e-03
  8.4000000000e+01   1.2747154118e-03
  8.4500000000e+01   1.2845424056e-03
  8.5000000000e+01   1.2944456381e-03
  8.5500000000e+01   1.3044260756e-03
  8.6000000000e+01   1.3144847027e-03
  8.6500000000e+01   1.3246225234e-03
  8.7000000000e+01   1.3348405609e-03
  8.7500000000e+01   1.3451398584e-03
  8.8000000000e+01   1.3555214792e-03
  8.8500000000e+01   1.3659865073e-03
  8.9000000000e+01   1.3765360477e-03
  8.9500000000e+01   1.3871712270e-03
  9.0000000000e+01   1.3978931934e-03
  9.0500000000e+01   1.4087031179e-03
  9.1000000000e+01   1.4196021940e-03
  9.1500000000e+01   1.4305916388e-03
  9.2000000000e+01   1.4416726929e-03
  9.2500000000e+01   1.4528466214e-03
  9.3000000000e+01   1.4641147145e-03
  9.3500000000e+01   1.4754782875e-03
  9.4000000000e+01   1.4869386817e-03
  9.4500000000e+01   1.4984972650e-03
  9.5000000000e+01   1.5101554327e-03
  9.5500000000e+01   1.5219146074e-03
  9.6000000000e+01   1.5337762405e-03
  9.6500000000e+01   1.5457418121e-03
  9.7000000000e+01   1.5578128324e-03
  9.7500000000e+01   1.5699908417e-03
  9.8000000000e+01   1.5822774116e-03
  9.8500000000e+01   1.5946741454e-03
  9.9000000000e+01   1.6071826791e-03
  9.9500000000e+01   1.6198046823e-03
  1.0000000000e+02   9.9924597688e-01
  1.0050000000e+02   1.6453959461e-03
  1.0100000000e+02   1.6583687200e-03
  1.0150000000e+02   1.6714619914e-03
  1.0200000000e+02   1.6846776093e-03
  1.0250000000e+02   1.6980174612e-03
  1.0300000000e+02   1.7114834744e-03
  1.0350000000e+02   1.7250776167e-03
  1.0400000000e+02   1.7388018975e-03
  1.0450000000e+02   1.7526583689e-03
  1.0500000000e+02   1.7666491268e-03
  1.0550000000e+02   1.7807763119e-03
  1.0600000000e+02   1.7950421112e-03
  1.0650000000e+02   1.8094487589e-03
  1.0700000000e+02   1.8239985377e-03
  1.0750000000e+02   1.8386937802e-03
  1.0800000000e+02   1.8535368700e-03
  1.0850000000e+02   1.8685302435e-03
  1.0900000000e+02   1.8836763908e-03
  1.0950000000e+02   1.8989778577e-03
  1.1000000000e+02   1.9144372468e-03
  1.1050000000e+02   1.9300572191e-03
  1.1100000000e+02   1.9458404959e-03
  1.1150000000e+02   1.9617898602e-03
  1.1200000000e+02   1.9779081588e-03
  1.1250000000e+02   1.9941983035e-03
  1.1300000000e+02   2.0106632735e-03
  1.1350000000e+02   2.0273061171e-03
  1.1400000000e+02   2.0441299537e-03
  1.1450000000e+02   2.0611379759e-03
  1.1500000000e+02   2.0783334514e-03
  1.1550000000e+02   2.0957197258e-03
  1.1600000000e+02   2.1133002241e-03
  1.1650000000e+02   2.1310784537e-03
  1.1700000000e+02   2.1490580065e-03
  1.1750000000e+02   2.1672425616e-03
  1.1800000000e+02   2.1856358879e-03
  1.1850000000e+02   2.2042418469e-03
  1.1900000000e+02   2.2230643954e-03
  1.1950000000e+02   2.2421075884e-03
  1.2000000000e+02   2.2613755824e-03
  1.2050000000e+02   2.2808726384e-03
  1.2100000000e+02   2.3006031251e-03
  1.2150000000e+02   2.3205715227e-03
  1.2200000000e+02   2.3407824258e-03
  1.2250000000e+02   2.3612405476e-03
  1.2300000000e+02   2.3819507238e-03
  1.2350000000e+02   2.4029179159e-03
  1.2400000000e+02   2.4241472160e-03
  1.2450000000e+02   2.4456438510e-03
  1.2500000000e+02   2.4674131866e-03
  1.2550000000e+02   2.4894607325e-03
  1.2600000000e+02   2.5117921469e-03
  1.2650000000e+02   2.5344132418e-03
  1.2700000000e+02   2.5573299877e-03
  1.2750000000e+02   2.5805485198e-03
  1.2800000000e+02   2.6040751431e-03
  1.2850000000e+02   2.6279163385e-03
  1.2900000000e+02   2.6520787691e-03
  1.2950000000e+02   2.6765692862e-03
  1.3000000000e+02   2.7013949366e-03
  1.3050000000e+02   2.7265629692e-03
  1.3100000000e+02   2.7520808422e-03
  1.3150000000e+02   2.7779562312e-03
  1.3200000000e+02   2.8041970367e-03
  1.3250000000e+02   2.8308113922e-03
  1.3300000000e+02   2.8578076737e-03
  1.3350000000e+02   2.8851945080e-03
  1.3400000000e+02   2.9129807824e-03
  1.3450000000e+02   2.9411756546e-03
  1.3500000000e+02   2.9697885633e-03
  1.3550000000e+02   2.9988292384e-03
  1.3600000000e+02   3.0283077131e-03
  1.3650000000e+02   3.0582343353e-03
  1.3700000000e+02   3.0886197801e-03
  1.3750000000e+02   3.1194750630e-03
  1.3800000000e+02   3.1508115533e-03
  1.3850000000e+02   3.1826409887e-03
  1.3900000000e+02   3.2149754900e-03
  1.3950000000e+02   3.2478275775e-03
  1.4000000000e+02   3.2812101866e-03
  1.4050000000e+02   3.3151366860e-03
  1.4100000000e+02   3.3496208957e-03
  1.4150000000e+02   3.3846771060e-03
  1.4200000000e+02   3.4203200980e-03
  1.4250000000e+02   3.4565651645e-03
  1.4300000000e+02   3.4934281328e-03
  1.4350000000e+02   3.5309253878e-03
  1.4400000000e+02   3.5690738969e-03
  1.4450000000e+02   3.6078912364e-03
  1.4500000000e+02   3.6473956186e-03
  1.4550000000e+02   3.6876059212e-03
  1.4600000000e+02   3.7285417177e-03
  1.4650000000e+02   3.7702233099e-03
  1.4700000000e+02   3.8126717621e-03
  1.4750000000e+02   3.8559089372e-03
  1.4800000000e+02   3.8999575349e-03
  1.4850000000e+02   3.9448411321e-03
  1.4900000000e+02   3.9905842256e-03
  1.4950000000e+02   4.0372122777e-03
  1.5000000000e+02   4.0847517641e-03
  1.5050000000e+02   4.1332302245e-03
  1.5100000000e+02   4.1826763170e-03
  1.5150000000e+02   4.2331198756e-03
  1.5200000000e+02   4.2845919705e-03
  1.5250000000e+02   4.3371249732e-03
  1.5300000000e+02   4.3907526255e-03
  1.5350000000e+02   4.4455101126e-03
  1.5400000000e+02   4.5014341409e-03
  1.5450000000e+02   4.5585630216e-03
  1.5500000000e+02   4.6169367588e-03
  1.5550000000e+02   4.6765971447e-03
  1.5600000000e+02   4.7375878601e-03
  1.5650000000e+02   4.7999545826e-03
  1.5700000000e+02   4.8637451017e-03
  1.5750000000e+02   4.9290094429e-03
  1.5800000000e+02   4.9957999993e-03
  1.5850000000e+02   5.0641716738e-03
  1.5900000000e+02   5.1341820314e-03
  1.5950000000e+02   5.2058914617e-03
  1.6000000000e+02   5.2793633552e-03
  1.6050000000e+02   5.3546642918e-03
  1.6100000000e+02   5.4318642435e-03
  1.6150000000e+02   5.5110367938e-03
  1.6200000000e+02   5.5922593736e-03
  1.6250000000e+02   5.6756135157e-03
  1.6300000000e+02   5.7611851305e-03
  1.6350000000e+02   5.8490648036e-03
  1.6400000000e+02   5.9393481181e-03
  1.6450000000e+02   6.0321360042e-03
  1.6500000000e+02   6.1275351187e-03
  1.6550000000e+02   6.2256582565e-03
  1.6600000000e+02   6.3266247988e-03
  1.6650000000e+02   6.4305612011e-03
  1.6700000000e+02   6.5376015252e-03
  1.6750000000e+02   6.6478880194e-03
  1.6800000000e+02   6.7615717534e-03
  1.6850000000e+02   6.8788133130e-03
  1.6900000000e+02   6.9997835613e-03
  1.6950000000e+02   7.1246644738e-03
  1.7000000000e+02   7.2536500577e-03
  1.7050000000e+02   7.3869473621e-03
  1.7100000000e+02   7.5247775932e-03
  1.7150000000e+02   7.6673773451e-03
  1.7200000000e+02   7.8149999617e-03
  1.7250000000e+02   7.9679170456e-03
  1.7300000000e+02   8.1264201333e-03
  1.7350000000e+02   8.2908225581e-03
  1.7400000000e+02   8.4614615259e-03
  1.7450000000e+02   8.6387004333e-03
  1.7500000000e+02   8.8229314602e-03
  1.7550000000e+02   9.0145784776e-03
  1.7600000000e+02   9.2141003148e-03
  1.7650000000e+02   9.4219944385e-03
  1.7700000000e+02   9.6388011085e-03
  1.7750000000e+02   9.8651080791e-03
  1.7800000000e+02   1.0101555936e-02
  1.7850000000e+02   1.0348844171e-02
  1.7900000000e+02   1.0607738106e-02
  1.7950000000e+02   1.0879076831e-02
  1.8000000000e+02   1.1163782310e-02
  1.8050000000e+02   1.1462869868e-02
  1.8100000000e+02   1.1777460317e-02
  1.8150000000e+02   1.2108794025e-02
  1.8200000000e+02   1.2458247288e-02
  1.8250000000e+02   1.2827351477e-02
  1.8300000000e+02   1.3217815513e-02
  1.8350000000e+02   1.3631552369e-02
  1.8400000000e+02   1.4070710457e-02
  1.8450000000e+02   1.4537711005e-02
  1.8500000000e+02   1.5035292778e-02
  1.8550000000e+02   1.5566565897e-02
  1.8600000000e+02   1.6135076993e-02
  1.8650000000e+02   1.6744888568e-02
  1.8700000000e+02   1.7400676332e-02
  1.8750000000e+02   1.8107849440e-02
  1.8800000000e+02   1.8872700172e-02
  1.8850000000e+02   1.9702591835e-02
  1.8900000000e+02   2.0606196767e-02
  1.8950000000e+02   2.1593800763e-02
  1.9000000000e+02   2.2677696602e-02
  1.9050000000e+02   2.3872698659e-02
  1.9100000000e+02   2.5196824414e-02
  1.9150000000e+02   2.6672209630e-02
  1.9200000000e+02   2.8326356311e-02
  1.9250000000e+02   3.0193863755e-02
  1.9300000000e+02   3.2318875890e-02
  1.9350000000e+02   3.4758616326e-02
  1.9400000000e+02   3.7588620229e-02
  1.9450000000e+02   4.0910695861e-02
  1.9500000000e+02   4.4865435584e-02
  1.9550000000e+02   4.9652628544e-02
  1.9600000000e+02   5.5566082305e-02
  1.9650000000e+02   6.3056301795e-02
  1.9700000000e+02   7.2851025745e-02
  1.9750000000e+02   8.6207257410e-02
  1.9800000000e+02   1.0549933627e-01
  1.9850000000e+02   1.3581513264e-01
  1.9900000000e+02   1.9038310933e-01
  1.9950000000e+02   3.1770762995e-01
  2.0000000000e+02   9.5432796698e-01
  2.0050000000e+02   9.5553078694e-01
  2.0100000000e+02   3.1891045285e-01
  2.0150000000e+02   1.9158593813e-01
  2.0200000000e+02   1.3701797029e-01
  2.0250000000e+02   1.0670218571e-01
  2.0300000000e+02   8.7410121592e-02
  2.0350000000e+02   7.4053907619e-02
  2.0400000000e+02   6.4259204309e-02
  2.0450000000e+02   5.6769008408e-02
  2.0500000000e+02   5.0855581185e-02
  2.0550000000e+02   4.6068417712e-02
  2.0600000000e+02   4.2113710425e-02
  2.0650000000e+02   3.8791670178e-02
  2.0700000000e+02   3.5961704611e-02
  2.0750000000e+02   3.3522005459e-02
  2.0800000000e+02   3.1397037558e-02
  2.0850000000e+02   2.9529577299e-02
  2.0900000000e+02   2.7875480753e-02
  2.0950000000e+02   2.6400148623e-02
  2.1000000000e+02   2.5076078903e-02
  2.1050000000e+02   2.3881135833e-02
  2.1100000000e+02   2.2797301932e-02
  2.1150000000e+02   2.1809762826e-02
  2.1200000000e+02   2.0906225736e-02
  2.1250000000e+02   2.0076404866e-02
  2.1300000000e+02   1.9311627880e-02
  2.1350000000e+02   1.8604531471e-02
  2.1400000000e+02   1.7948823358e-02
  2.1450000000e+02   1.7339094388e-02
  2.1500000000e+02   1.6770668851e-02
  2.1550000000e+02   1.6239484244e-02
  2.1600000000e+02   1.5741993939e-02
  2.1650000000e+02   1.5275087812e-02
  2.1700000000e+02   1.4836027101e-02
  2.1750000000e+02   1.4422390578e-02
  2.1800000000e+02   1.4032029830e-02
  2.1850000000e+02   1.3663031886e-02
  2.1900000000e+02   1.3313687825e-02
  2.1950000000e+02   1.2982466276e-02
  2.2000000000e+02   1.2667990943e-02
  2.2050000000e+02   1.2369021461e-02
  2.2100000000e+02   1.2084437015e-02
  2.2150000000e+02   1.1813222282e-02
  2.2200000000e+02   1.1554455299e-02
  2.2250000000e+02   1.1307296977e-02
  2.2300000000e+02   1.1070981993e-02
  2.2350000000e+02   1.0844810856e-02
  2.2400000000e+02   1.0628142981e-02
  2.2450000000e+02   1.0420390615e-02
  2.2500000000e+02   1.0221013498e-02
  2.2550000000e+02   1.0029514163e-02
  2.2600000000e+02   9.8454337832e-03
  2.2650000000e+02   9.6683484867e-03
  2.2700000000e+02   9.4978660943e-03
  2.2750000000e+02   9.3336232102e-03
  2.2800000000e+02   9.1752826289e-03
  2.2850000000e+02   9.0225310177e-03
  2.2900000000e+02   8.8750768406e-03
  2.2950000000e+02   8.7326484956e-03
  2.3000000000e+02   8.5949926393e-03
  2.3050000000e+02   8.4618726782e-03
  2.3100000000e+02   8.3330674066e-03
  2.3150000000e+02   8.2083697759e-03
  2.3200000000e+02   8.0875857797e-03
  2.3250000000e+02   7.9705334427e-03
  2.3300000000e+02   7.8570419026e-03
  2.3350000000e+02   7.7469505741e-03
  2.3400000000e+02   7.6401083879e-03
  2.3450000000e+02   7.5363730964e-03
  2.3500000000e+02   7.4356106383e-03
  2.3550000000e+02   7.3376945586e-03
  2.3600000000e+02   7.2425054767e-03
  2.3650000000e+02   7.1499305980e-03
  2.3700000000e+02   7.0598632665e-03
  2.3750000000e+02   6.9722025524e-03
  2.3800000000e+02   6.8868528730e-03
  2.3850000000e+02   6.8037236433e-03
  2.3900000000e+02   6.7227289533e-03
  2.3950000000e+02   6.6437872708e-03
  2.4000000000e+02   6.5668211653e-03
  2.4050000000e+02   6.4917570538e-03
  2.4100000000e+02   6.4185249646e-03
  2.4150000000e+02   6.3470583184e-03
  2.4200000000e+02   6.2772937251e-03
  2.4250000000e+02   6.2091707953e-03
  2.4300000000e+02   6.1426319646e-03
  2.4350000000e+02   6.0776223304e-03
  2.4400000000e+02   6.0140895000e-03
  2.4450000000e+02   5.9519834482e-03
  2.4500000000e+02   5.8912563857e-03
  2.4550000000e+02   5.8318626354e-03
  2.4600000000e+02   5.7737585166e-03
  2.4650000000e+02   5.7169022376e-03
  2.4700000000e+02   5.6612537942e-03
  2.4750000000e+02   5.6067748758e-03
  2.4800000000e+02   5.5534287758e-03
  2.4850000000e+02   5.5011803094e-03
  2.4900000000e+02   5.4499957350e-03
  2.4950000000e+02   5.3998426810e-03
  2.5000000000e+02   5.3506900773e-03
  2.5050000000e+02   5.3025080902e-03
  2.5100000000e+02   5.2552680614e-03
  2.5150000000e+02   5.2089424511e-03
  2.5200000000e+02   5.1635047837e-03
  2.5250000000e+02   5.1189295970e-03
  2.5300000000e+02   5.0751923937e-03
  2.5350000000e+02   5.0322695970e-03
  2.5400000000e+02   4.9901385069e-03
  2.5450000000e+02   4.9487772603e-03
  2.5500000000e+02   4.9081647927e-03
  2.5550000000e+02   4.8682808018e-03
  2.5600000000e+02   4.8291057139e-03
  2.5650000000e+02   4.7906206508e-03
  2.5700000000e+02   4.7528073998e-03
  2.5750000000e+02   4.7156483841e-03
  2.5800000000e+02   4.6791266357e-03
  2.5850000000e+02   4.6432257691e-03
  2.5900000000e+02   4.6079299564e-03
  2.5950000000e+02   4.5732239040e-03
  2.6000000000e+02   4.5390928301e-03
  2.6050000000e+02   4.5055224434e-03
  2.6100000000e+02   4.4724989231e-03
  2.6150000000e+02   4.4400088998e-03
  2.6200000000e+02   4.4080394365e-03
  2.6250000000e+02   4.3765780124e-03
  2.6300000000e+02   4.3456125052e-03
  2.6350000000e+02   4.3151311762e-03
  2.6400000000e+02   4.2851226544e-03
  2.6450000000e+02   4.2555759233e-03
  2.6500000000e+02   4.2264803062e-03
  2.6550000000e+02   4.1978254536e-03
  2.6600000000e+02   4.1696013309e-03
  2.6650000000e+02   4.1417982062e-03
  2.6700000000e+02   4.1144066392e-03
  2.6750000000e+02   4.0874174703e-03
  2.6800000000e+02   4.0608218102e-03
  2.6850000000e+02   4.0346110300e-03
  2.6900000000e+02   4.0087767517e-03
  2.6950000000e+02   3.9833108393e-03
  2.7000000000e+02   3.9582053899e-03
  2.7050000000e+02   3.9334527257e-03
  2.7100000000e+02   3.9090453858e-03
  2.7150000000e+02   3.8849761185e-03
  2.7200000000e+02   3.8612378744e-03
  2.7250000000e+02   3.8378237991e-03
  2.7300000000e+02   3.8147272265e-03
  2.7350000000e+02   3.7919416725e-03
  2.7400000000e+02   3.7694608288e-03
  2.7450000000e+02   3.7472785570e-03
  2.7500000000e+02   3.7253888827e-03
  2.7550000000e+02   3.7037859904e-03
  2.7600000000e+02   3.6824642180e-03
  2.7650000000e+02   3.6614180518e-03
  2.7700000000e+02   3.6406421220e-03
  2.7750000000e+02   3.6201311974e-03
  2.7800000000e+02   3.5998801815e-03
  2.7850000000e+02   3.5798841080e-03
  2.7900000000e+02   3.5601381367e-03
  2.7950000000e+02   3.5406375493e-03
  2.8000000000e+02   3.5213777461e-03
  2.8050000000e+02   3.5023542416e-03
  2.8100000000e+02   3.4835626617e-03
  2.8150000000e+02   3.4649987396e-03
  2.8200000000e+02   3.4466583132e-03
  2.8250000000e+02   3.4285373211e-03
  2.8300000000e+02   3.4106318004e-03
  2.8350000000e+02   3.3929378831e-03
  2.8400000000e+02   3.3754517937e-03
  2.8450000000e+02   3.3581698462e-03
  2.8500000000e+02   3.3410884415e-03
  2.8550000000e+02   3.3242040649e-03
  2.8600000000e+02   3.3075132837e-03
  2.8650000000e+02   3.2910127447e-03
  2.8700000000e+02   3.2746991719e-03
  2.8750000000e+02   3.2585693644e-03
  2.8800000000e+02   3.2426201943e-03
  2.8850000000e+02   3.2268486043e-03
  2.8900000000e+02   3.2112516063e-03
  2.8950000000e+02   3.1958262788e-03
  2.9000000000e+02   3.1805697655e-03
  2.9050000000e+02   3.1654792733e-03
  2.9100000000e+02   3.1505520706e-03
  2.9150000000e+02   3.1357854859e-03
  2.9200000000e+02   3.1211769054e-03
  2.9250000000e+02   3.1067237723e-03
  2.9300000000e+02   3.0924235847e-03
  2.9350000000e+02   3.0782738945e-03
  2.9400000000e+02   3.0642723057e-03
  2.9450000000e+02   3.0504164729e-03
  2.9500000000e+02   3.0367041006e-03
  2.9550000000e+02   3.0231329410e-03
  2.9600000000e+02   3.0097007934e-03
  2.9650000000e+02   2.9964055030e-03
  2.9700000000e+02   2.9832449592e-03
  2.9750000000e+02   2.9702170949e-03
  2.9800000000e+02   2.9573198851e-03
  2.9850000000e+02   2.9445513464e-03
  2.9900000000e+02   2.9319095350e-03
  2.9950000000e+02   2.9193925467e-03
  3.0000000000e+02   1.9986555216e+00
  3.0050000000e+02   2.8947256107e-03
  3.0100000000e+02   2.8825720414e-03
  3.0150000000e+02   2.8705360495e-03
  3.0200000000e+02   2.8586159121e-03
  3.0250000000e+02   2.8468099399e-03
  3.0300000000e+02   2.8351164765e-03
  3.0350000000e+02   2.8235338976e-03
  3.0400000000e+02   2.8120606100e-03
  3.0450000000e+02   2.8006950513e-03
  3.0500000000e+02   2.7894356887e-03
  3.0550000000e+02   2.7782810185e-03
  3.0600000000e+02   2.7672295654e-03
  3.0650000000e+02   2.7562798820e-03
  3.0700000000e+02   2.7454305479e-03
  3.0750000000e+02   2.7346801689e-03
  3.0800000000e+02   2.7240273772e-03
  3.0850000000e+02   2.7134708296e-03
  3.0900000000e+02   2.7030092081e-03
  3.0950000000e+02   2.6926412185e-03
  3.1000000000e+02   2.6823655903e-03
  3.1050000000e+02   2.6721810758e-03
  3.1100000000e+02   2.6620864501e-03
  3.1150000000e+02   2.6520805101e-03
  3.1200000000e+02   2.6421620742e-03
  3.1250000000e+02   2.6323299820e-03
  3.1300000000e+02   2.6225830934e-03
  3.1350000000e+02   2.6129202885e-03
  3.1400000000e+02   2.6033404672e-03
  3.1450000000e+02   2.5938425485e-03
  3.1500000000e+02   2.5844254702e-03
  3.1550000000e+02   2.5750881886e-03
  3.1600000000e+02   2.5658296779e-03
  3.1650000000e+02   2.5566489299e-03
  3.1700000000e+02   2.5475449539e-03
  3.1750000000e+02   2.5385167757e-03
  3.1800000000e+02   2.5295634378e-03
  3.1850000000e+02   2.5206839990e-03
  3.1900000000e+02   2.5118775338e-03
  3.1950000000e+02   2.5031431320e-03
  3.2000000000e+02   2.4944798991e-03
  3.2050000000e+02   2.4858869547e-03
  3.2100000000e+02   2.4773634336e-03
  3.2150000000e+02   2.4689084847e-03
  3.2200000000e+02   2.4605212707e-03
  3.2250000000e+02   2.4522009681e-03
  3.2300000000e+02   2.4439467666e-03
  3.2350000000e+02   2.4357578693e-03
  3.2400000000e+02   2.4276334920e-03
  3.2450000000e+02   2.4195728631e-03
  3.2500000000e+02   2.4115752234e-03
  3.2550000000e+02   2.4036398258e-03
  3.2600000000e+02   2.3957659350e-03
  3.2650000000e+02   2.3879528273e-03
  3.2700000000e+02   2.3801997905e-03
  3.2750000000e+02   2.3725061235e-03
  3.2800000000e+02   2.3648711363e-03
  3.2850000000e+02   2.3572941493e-03
  3.2900000000e+02   2.3497744938e-03
  3.2950000000e+02   2.3423115113e-03
  3.3000000000e+02   2.3349045533e-03
  3.3050000000e+02   2.3275529813e-03
  3.3100000000e+02   2.3202561668e-03
  3.3150000000e+02   2.3130134904e-03
  3.3200000000e+02   2.3058243425e-03
  3.3250000000e+02   2.2986881225e-03
  3.3300000000e+02   2.2916042387e-03
  3.3350000000e+02   2.2845721086e-03
  3.3400000000e+02   2.2775911580e-03
  3.3450000000e+02   2.2706608216e-03
  3.3500000000e+02   2.2637805422e-03
  3.3550000000e+02   2.2569497710e-03
  3.3600000000e+02   2.2501679672e-03
  3.3650000000e+02   2.2434345978e-03
  3.3700000000e+02   2.2367491378e-03
  3.3750000000e+02   2.2301110696e-03
  3.3800000000e+02   2.2235198834e-03
  3.3850000000e+02   2.2169750763e-03
  3.3900000000e+02   2.2104761531e-03
  3.3950000000e+02   2.2040226254e-03
  3.4000000000e+02   2.1976140119e-03
  3.4050000000e+02   2.1912498381e-03
  3.4100000000e+02   2.1849296362e-03
  3.4150000000e+02   2.1786529451e-03
  3.4200000000e+02   2.1724193101e-03
  3.4250000000e+02   2.1662282828e-03
  3.4300000000e+02   2.1600794213e-03
  3.4350000000e+02   2.1539722897e-03
  3.4400000000e+02   2.1479064581e-03
  3.4450000000e+02   2.1418815027e-03
  3.4500000000e+02   2.1358970053e-03
  3.4550000000e+02   2.1299525537e-03
  3.4600000000e+02   2.1240477412e-03
  3.4650000000e+02   2.1181821667e-03
  3.4700000000e+02   2.1123554345e-03
  3.4750000000e+02   2.1065671543e-03
  3.4800000000e+02   2.1008169410e-03
  3.4850000000e+02   2.0951044147e-03
  3.4900000000e+02   2.0894292007e-03
  3.4950000000e+02   2.0837909292e-03
  3.5000000000e+02   2.0781892353e-03
  3.5050000000e+02   2.0726237591e-03
  3.5100000000e+02   2.0670941452e-03
  3.5150000000e+02   2.0616000432e-03
  3.5200000000e+02   2.0561411069e-03
  3.5250000000e+02   2.0507169951e-03
  3.5300000000e+02   2.0453273707e-03
  3.5350000000e+02   2.0399719011e-03
  3.5400000000e+02   2.0346502581e-03
  3.5450000000e+02   2.0293621176e-03
  3.5500000000e+02   2.0241071596e-03
  3.5550000000e+02   2.0188850686e-03
  3.5600000000e+02   2.0136955327e-03
  3.5650000000e+02   2.0085382442e-03
  3.5700000000e+02   2.0034128993e-03
  3.5750000000e+02   1.9983191979e-03
  3.5800000000e+02   1.9932568439e-03
  3.5850000000e+02   1.9882255449e-03
  3.5900000000e+02   1.9832250119e-03
  3.5950000000e+02   1.9782549599e-03
  3.6000000000e+02   1.9733151072e-03
  3.6050000000e+02   1.9684051757e-03
  3.6100000000e+02   1.9635248907e-03
  3.6150000000e+02   1.9586739809e-03
  3.6200000000e+02   1.9538521784e-03
  3.6250000000e+02   1.9490592186e-03
  3.6300000000e+02   1.9442948399e-03
  3.6350000000e+02   1.9395587843e-03
  3.6400000000e+02   1.9348507966e-03
  3.6450000000e+02   1.9301706248e-03
  3.6500000000e+02   1.9255180201e-03
  3.6550000000e+02   1.9208927363e-03
  3.6600000000e+02   1.9162945307e-03
  3.6650000000e+02   1.9117231630e-03
  3.6700000000e+02   1.9071783961e-03
  3.6750000000e+02   1.9026599955e-03
  3.6800000000e+02   1.8981677298e-03
  3.6850000000e+02   1.8937013700e-03
  3.6900000000e+02   1.8892606900e-03
  3.6950000000e+02   1.8848454663e-03
  3.7000000000e+02   1.8804554779e-03
  3.7050000000e+02   1.8760905067e-03
  3.7100000000e+02   1.8717503368e-03
  3.7150000000e+02   1.8674347551e-03
  3.7200000000e+02   1.8631435507e-03
  3.7250000000e+02   1.8588765153e-03
  3.7300000000e+02   1.8546334430e-03
  3.7350000000e+02   1.8504141302e-03
  3.7400000000e+02   1.8462183757e-03
  3.7450000000e+02   1.8420459806e-03
  3.7500000000e+02   1.8378967481e-03
  3.7550000000e+02   1.8337704839e-03
  3.7600000000e+02   1.8296669957e-03
  3.7650000000e+02   1.8255860934e-03
  3.7700000000e+02   1.8215275892e-03
  3.7750000000e+02   1.8174912973e-03
  3.7800000000e+02   1.8134770338e-03
  3.7850000000e+02   1.8094846171e-03
  3.7900000000e+02   1.8055138675e-03
  3.7950000000e+02   1.8015646075e-03
  3.8000000000e+02   1.7976366612e-03
  3.8050000000e+02   1.7937298550e-03
  3.8100000000e+02   1.7898440170e-03
  3.8150000000e+02   1.7859789772e-03
  3.8200000000e+02   1.7821345675e-03
  3.8250000000e+02   1.7783106217e-03
  3.8300000000e+02   1.7745069754e-03
  3.8350000000e+02   1.7707234657e-03
  3.8400000000e+02   1.7669599320e-03
  3.8450000000e+02   1.7632162149e-03
  3.8500000000e+02   1.7594921570e-03
  3.8550000000e+02   1.7557876026e-03
  3.8600000000e+02   1.7521023975e-03
  3.8650000000e+02   1.7484363893e-03
  3.8700000000e+02   1.7447894272e-03
  3.8750000000e+02   1.7411613620e-03
  3.8800000000e+02   1.7375520460e-03
  3.8850000000e+02   1.7339613331e-03
  3.8900000000e+02   1.7303890787e-03
  3.8950000000e+02   1.7268351400e-03
  3.9000000000e+02   1.7232993752e-03
  3.9050000000e+02   1.7197816444e-03
  3.9100000000e+02   1.7162818090e-03
  3.9150000000e+02   1.7127997318e-03
  3.9200000000e+02   1.7093352771e-03
  3.9250000000e+02   1.7058883105e-03
  3.9300000000e+02   1.7024586992e-03
  3.9350000000e+02   1.6990463116e-03
  3.9400000000e+02   1.6956510174e-03
  3.9450000000e+02   1.6922726878e-03
  3.9500000000e+02   1.6889111952e-03
  3.9550000000e+02   1.6855664133e-03
  3.9600000000e+02   1.6822382171e-03
  3.9650000000e+02   1.6789264828e-03
  3.9700000000e+02   1.6756310881e-03
  3.9750000000e+02   1.6723519117e-03
  3.9800000000e+02   1.6690888335e-03
  3.9850000000e+02   1.6658417347e-03
  3.9900000000e+02   1.6626104977e-03
  3.9950000000e+02   1.6593950061e-03
  4.0000000000e+02   1.6561951445e-03
  4.0050000000e+02   1.6530107987e-03
  4.0100000000e+02   1.6498418558e-03
  4.0150000000e+02   1.6466882039e-03
  4.0200000000e+02   1.6435497320e-03
  4.0250000000e+02   1.6404263306e-03
  4.0300000000e+02   1.6373178909e-03
  4.0350000000e+02   1.6342243054e-03
  4.0400000000e+02   1.6311454675e-03
  4.0450000000e+02   1.6280812717e-03
  4.0500000000e+02   1.6250316136e-03
  4.0550000000e+02   1.6219963897e-03
  4.0600000000e+02   1.6189754975e-03
  4.0650000000e+02   1.6159688356e-03
  4.0700000000e+02   1.6129763034e-03
  4.0750000000e+02   1.6099978014e-03
  4.0800000000e+02   1.6070332310e-03
  4.0850000000e+02   1.6040824945e-03
  4.0900000000e+02   1.6011454953e-03
  4.0950000000e+02   1.5982221376e-03
  4.1000000000e+02   1.5953123263e-03
  4.1050000000e+02   1.5924159676e-03
  4.1100000000e+02   1.5895329683e-03
  4.1150000000e+02   1.5866632362e-03
  4.1200000000e+02   1.5838066798e-03
  4.1250000000e+02   1.5809632088e-03
  4.1300000000e+02   1.5781327334e-03
  4.1350000000e+02   1.5753151647e-03
  4.1400000000e+02   1.5725104147e-03
  4.1450000000e+02   1.5697183963e-03
  4.1500000000e+02   1.5669390231e-03
  4.1550000000e+02   1.5641722094e-03
  4.1600000000e+02   1.5614178704e-03
  4.1650000000e+02   1.5586759222e-03
  4.1700000000e+02   1.5559462813e-03
  4.1750000000e+02   1.5532288655e-03
  4.1800000000e+02   1.5505235928e-03
  4.1850000000e+02   1.5478303822e-03
  4.1900000000e+02   1.5451491536e-03
  4.1950000000e+02   1.5424798274e-03
  4.2000000000e+02   1.5398223246e-03
  4.2050000000e+02   1.5371765673e-03
  4.2100000000e+02   1.5345424780e-03
  4.2150000000e+02   1.5319199799e-03
  4.2200000000e+02   1.5293089971e-03
  4.2250000000e+02   1.5267094541e-03
  4.2300000000e+02   1.5241212763e-03
  4.2350000000e+02   1.5215443897e-03
  4.2400000000e+02   1.5189787209e-03
  4.2450000000e+02   1.5164241972e-03
  4.2500000000e+02   1.5138807465e-03
  4.2550000000e+02   1.5113482973e-03
  4.2600000000e+02   1.5088267789e-03
  4.2650000000e+02   1.5063161211e-03
  4.2700000000e+02   1.5038162542e-03
  4.2750000000e+02   1.5013271093e-03
  4.2800000000e+02   1.4988486181e-03
  4.2850000000e+02   1.4963807127e-03
  4.2900000000e+02   1.4939233260e-03
  4.2950000000e+02   1.4914763914e-03
  4.3000000000e+02   1.4890398427e-03
  4.3050000000e+02   1.4866136146e-03
  4.3100000000e+02   1.4841976422e-03
  4.3150000000e+02   1.4817918610e-03
  4.3200000000e+02   1.4793962074e-03
  4.3250000000e+02   1.4770106180e-03
  4.3300000000e+02   1.4746350302e-03
  4.3350000000e+02   1.4722693817e-03
  4.3400000000e+02   1.4699136109e-03
  4.3450000000e+02   1.4675676567e-03
  4.3500000000e+02   1.4652314584e-03
  4.3550000000e+02   1.4629049560e-03
  4.3600000000e+02   1.4605880898e-03
  4.3650000000e+02   1.4582808008e-03
  4.3700000000e+02   1.4559830303e-03
  4.3750000000e+02   1.4536947203e-03
  4.3800000000e+02   1.4514158131e-03
  4.3850000000e+02   1.4491462514e-03
  4.3900000000e+02   1.4468859788e-03
  4.3950000000e+02   1.4446349389e-03
  4.4000000000e+02   1.4423930760e-03
  4.4050000000e+02   1.4401603349e-03
  4.4100000000e+02   1.4379366606e-03
  4.4150000000e+02   1.4357219989e-03
  4.4200000000e+02   1.4335162957e-03
  4.4250000000e+02   1.4313194977e-03
  4.4300000000e+02   1.4291315516e-03
  4.4350000000e+02   1.4269524050e-03
  4.4400000000e+02   1.4247820056e-03
  4.4450000000e+02   1.4226203016e-03
  4.4500000000e+02   1.4204672416e-03
  4.4550000000e+02   1.4183227749e-03
  4.4600000000e+02   1.4161868507e-03
  4.4650000000e+02   1.4140594190e-03
  4.4700000000e+02   1.4119404301e-03
  4.4750000000e+02   1.4098298346e-03
  4.4800000000e+02   1.4077275836e-03
  4.4850000000e+02   1.4056336287e-03
  4.4900000000e+02   1.4035479215e-03
  4.4950000000e+02   1.4014704143e-03
  4.5000000000e+02   1.3994010599e-03
  4.5050000000e+02   1.3973398110e-03
  4.5100000000e+02   1.3952866212e-03
  4.5150000000e+02   1.3932414441e-03
  4.5200000000e+02   1.3912042338e-03
  4.5250000000e+02   1.3891749447e-03
  4.5300000000e+02   1.3871535317e-03
  4.5350000000e+02   1.3851399499e-03
  4.5400000000e+02   1.3831341548e-03
  4.5450000000e+02   1.3811361022e-03
  4.5500000000e+02   1.3791457485e-03
  4.5550000000e+02   1.3771630500e-03
  4.5600000000e+02   1.3751879637e-03
  4.5650000000e+02   1.3732204467e-03
  4.5700000000e+02   1.3712604567e-03
  4.5750000000e+02   1.3693079514e-03
  4.5800000000e+02   1.3673628891e-03
  4.5850000000e+02   1.3654252282e-03
  4.5900000000e+02   1.3634949276e-03
  4.5950000000e+02   1.3615719464e-03
  4.6000000000e+02   1.3596562441e-03
  4.6050000000e+02   1.3577477804e-03
  4.6100000000e+02   1.3558465153e-03
  4.6150000000e+02   1.3539524093e-03
  4.6200000000e+02   1.3520654230e-03
  4.6250000000e+02   1.3501855173e-03
  4.6300000000e+02   1.3483126536e-03
  4.6350000000e+02   1.3464467933e-03
  4.6400000000e+02   1.3445878983e-03
  4.6450000000e+02   1.3427359307e-03
  4.6500000000e+02   1.3408908529e-03
  4.6550000000e+02   1.3390526276e-03
  4.6600000000e+02   1.3372212177e-03
  4.6650000000e+02   1.3353965865e-03
  4.6700000000e+02   1.3335786975e-03
  4.6750000000e+02   1.3317675145e-03
  4.6800000000e+02   1.3299630014e-03
  4.6850000000e+02   1.3281651227e-03
  4.6900000000e+02   1.3263738429e-03
  4.6950000000e+02   1.3245891268e-03
  4.7000000000e+02   1.3228109395e-03
  4.7050000000e+02   1.3210392463e-03
  4.7100000000e+02   1.3192740130e-03
  4.7150000000e+02   1.3175152052e-03
  4.7200000000e+02   1.3157627891e-03
  4.7250000000e+02   1.3140167310e-03
  4.7300000000e+02   1.3122769976e-03
  4.7350000000e+02   1.3105435557e-03
  4.7400000000e+02   1.3088163722e-03
  4.7450000000e+02   1.3070954146e-03
  4.7500000000e+02   1.3053806504e-03
  4.7550000000e+02   1.3036720473e-03
  4.7600000000e+02   1.3019695734e-03
  4.7650000000e+02   1.3002731969e-03
  4.7700000000e+02   1.2985828862e-03
  4.7750000000e+02   1.2968986100e-03
  4.7800000000e+02   1.2952203373e-03
  4.7850000000e+02   1.2935480372e-03
  4.7900000000e+02   1.2918816789e-03
  4.7950000000e+02   1.2902212322e-03
  4.8000000000e+02   1.2885666667e-03
  4.8050000000e+02   1.2869179525e-03
  4.8100000000e+02   1.2852750597e-03
  4.8150000000e+02   1.2836379588e-03
  4.8200000000e+02   1.2820066204e-03
  4.8250000000e+02   1.2803810153e-03
  4.8300000000e+02   1.2787611145e-03
  4.8350000000e+02   1.2771468894e-03
  4.8400000000e+02   1.2755383112e-03
  4.8450000000e+02   1.2739353517e-03
  4.8500000000e+02   1.2723379827e-03
  4.8550000000e+02   1.2707461761e-03
  4.8600000000e+02   1.2691599043e-03
  4.8650000000e+02   1.2675791396e-03
  4.8700000000e+02   1.2660038546e-03
  4.8750000000e+02   1.2644340221e-03
  4.8800000000e+02   1.2628696150e-03
  4.8850000000e+02   1.2613106066e-03
  4.8900000000e+02   1.2597569702e-03
  4.8950000000e+02   1.2582086793e-03
  4.9000000000e+02   1.2566657076e-03
  4.9050000000e+02   1.2551280290e-03
  4.9100000000e+02   1.2535956175e-03
  4.9150000000e+02   1.2520684474e-03
  4.9200000000e+02   1.2505464931e-03
  4.9250000000e+02   1.2490297291e-03
  4.9300000000e+02   1.2475181303e-03
  4.9350000000e+02   1.2460116716e-03
  4.9400000000e+02   1.2445103280e-03
  4.9450000000e+02   1.2430140748e-03
  4.9500000000e+02   1.2415228875e-03
  4.9550000000e+02   1.2400367415e-03
  4.9600000000e+02   1.2385556128e-03
  4.9650000000e+02   1.2370794772e-03
  4.9700000000e+02   1.2356083107e-03
  4.9750000000e+02   1.2341420896e-03
  4.9800000000e+02   1.2326807904e-03
  4.9850000000e+02   1.2312243894e-03
  4.9900000000e+02   1.2297728636e-03
  4.9950000000e+02   1.2283261896e-03
  5.0000000000e+02   1.2268843445e-03
  5.0050000000e+02   1.2254473056e-03
  5.0100000000e+02   1.2240150500e-03
  5.0150000000e+02   1.2225875552e-03
  5.0200000000e+02   1.2211647989e-03
  5.0250000000e+02   1.2197467588e-03
  5.0300000000e+02   1.2183334128e-03
  5.0350000000e+02   1.2169247389e-03
  5.0400000000e+02   1.2155207154e-03
  5.0450000000e+02   1.2141213205e-03
  5.0500000000e+02   1.2127265327e-03
  5.0550000000e+02   1.2113363306e-03
  5.0600000000e+02   1.2099506930e-03
  5.0650000000e+02   1.2085695988e-03
  5.0700000000e+02   1.2071930268e-03
  5.0750000000e+02   1.2058209565e-03
  5.0800000000e+02   1.2044533669e-03
  5.0850000000e+02   1.2030902375e-03
  5.0900000000e+02   1.2017315478e-03
  5.0950000000e+02   1.2003772776e-03
  5.1000000000e+02   1.1990274067e-03
  5.1050000000e+02   1.1976819149e-03
  5.1100000000e+02   1.1963407824e-03
  5.1150000000e+02   1.1950039893e-03
  5.1200000000e+02   1.1936715159e-03
  5.1250000000e+02   1.1923433428e-03
  5.1300000000e+02   1.1910194504e-03
  5.1350000000e+02   1.1896998194e-03
  5.1400000000e+02   1.1883844307e-03
  5.1450000000e+02   1.1870732652e-03
  5.1500000000e+02   1.1857663039e-03
  5.1550000000e+02   1.1844635280e-03
  5.1600000000e+02   1.1831649187e-03
  5.1650000000e+02   1.1818704576e-03
  5.1700000000e+02   1.1805801260e-03
  5.1750000000e+02   1.1792939056e-03
  5.1800000000e+02   1.1780117782e-03
  5.1850000000e+02   1.1767337257e-03
  5.1900000000e+02   1.1754597299e-03
  5.1950000000e+02   1.1741897730e-03
  5.2000000000e+02   1.1729238372e-03
  5.2050000000e+02   1.1716619047e-03
  5.2100000000e+02   1.1704039580e-03
  5.2150000000e+02   1.1691499797e-03
  5.2200000000e+02   1.1678999522e-03
  5.2250000000e+02   1.1666538584e-03
  5.2300000000e+02   1.1654116812e-03
  5.2350000000e+02   1.1641734033e-03
  5.2400000000e+02   1.1629390080e-03
  5.2450000000e+02   1.1617084782e-03
  5.2500000000e+02   1.1604817974e-03
  5.2550000000e+02   1.1592589488e-03
  5.2600000000e+02   1.1580399159e-03
  5.2650000000e+02   1.1568246823e-03
  5.2700000000e+02   1.1556132316e-03
  5.2750000000e+02   1.1544055475e-03
  5.2800000000e+02   1.1532016139e-03
  5.2850000000e+02   1.1520014148e-03
  5.2900000000e+02   1.1508049342e-03
  5.2950000000e+02   1.1496121562e-03
  5.3000000000e+02   1.1484230651e-03
  5.3050000000e+02   1.1472376452e-03
  5.3100000000e+02   1.1460558809e-03
  5.3150000000e+02   1.1448777568e-03
  5.3200000000e+02   1.1437032574e-03
  5.3250000000e+02   1.1425323674e-03
  5.3300000000e+02   1.1413650716e-03
  5.3350000000e+02   1.1402013550e-03
  5.3400000000e+02   1.1390412024e-03
  5.3450000000e+02   1.1378845990e-03
  5.3500000000e+02   1.1367315298e-03
  5.3550000000e+02   1.1355819801e-03
  5.3600000000e+02   1.1344359353e-03
  5.3650000000e+02   1.1332933807e-03
  5.3700000000e+02   1.1321543017e-03
  5.3750000000e+02   1.1310186841e-03
  5.3800000000e+02   1.1298865135e-03
  5.3850000000e+02   1.1287577755e-03
  5.3900000000e+02   1.1276324560e-03
  5.3950000000e+02   1.1265105410e-03
  5.4000000000e+02   1.1253920164e-03
  5.4050000000e+02   1.1242768682e-03
  5.4100000000e+02   1.1231650828e-03
  5.4150000000e+02   1.1220566461e-03
  5.4200000000e+02   1.1209515447e-03
  5.4250000000e+02   1.1198497648e-03
  5.4300000000e+02   1.1187512930e-03
  5.4350000000e+02   1.1176561158e-03
  5.4400000000e+02   1.1165642197e-03
  5.4450000000e+02   1.1154755916e-03
  5.4500000000e+02   1.1143902182e-03
  5.4550000000e+02   1.1133080863e-03
  5.4600000000e+02   1.1122291828e-03
  5.4650000000e+02   1.1111534948e-03
  5.4700000000e+02   1.1100810094e-03
  5.4750000000e+02   1.1090117136e-03
  5.4800000000e+02   1.1079455948e-03
  5.4850000000e+02   1.1068826401e-03
  5.4900000000e+02   1.1058228371e-03
  5.4950000000e+02   1.1047661730e-03
  5.5000000000e+02   1.1037126354e-03
  5.5050000000e+02   1.1026622119e-03
  5.5100000000e+02   1.1016148902e-03
  5.5150000000e+02   1.1005706579e-03
  5.5200000000e+02   1.0995295028e-03
  5.5250000000e+02   1.0984914129e-03
  5.5300000000e+02   1.0974563759e-03
  5.5350000000e+02   1.0964243800e-03
  5.5400000000e+02   1.0953954131e-03
  5.5450000000e+02   1.0943694634e-03
  5.5500000000e+02   1.0933465191e-03
  5.5550000000e+02   1.0923265684e-03
  5.5600000000e+02   1.0913095997e-03
  5.5650000000e+02   1.0902956013e-03
  5.5700000000e+02   1.0892845616e-03
  5.5750000000e+02   1.0882764693e-03
  5.5800000000e+02   1.0872713128e-03
  5.5850000000e+02   1.0862690809e-03
  5.5900000000e+02   1.0852697622e-03
  5.5950000000e+02   1.0842733454e-03
  5.6000000000e+02   1.0832798194e-03
  5.6050000000e+02   1.0822891731e-03
  5.6100000000e+02   1.0813013955e-03
  5.6150000000e+02   1.0803164755e-03
  5.6200000000e+02   1.0793344022e-03
  5.6250000000e+02   1.0783551647e-03
  5.6300000000e+02   1.0773787522e-03
  5.6350000000e+02   1.0764051540e-03
  5.6400000000e+02   1.0754343594e-03
  5.6450000000e+02   1.0744663577e-03
  5.6500000000e+02   1.0735011384e-03
  5.6550000000e+02   1.0725386908e-03
  5.6600000000e+02   1.0715790047e-03
  5.6650000000e+02   1.0706220694e-03
  5.6700000000e+02   1.0696678748e-03
  5.6750000000e+02   1.0687164104e-03
  5.6800000000e+02   1.0677676661e-03
  5.6850000000e+02   1.0668216316e-03
  5.6900000000e+02   1.0658782969e-03
  5.6950000000e+02   1.0649376518e-03
  5.7000000000e+02   1.0639996863e-03
  5.7050000000e+02   1.0630643905e-03
  5.7100000000e+02   1.0621317543e-03
  5.7150000000e+02   1.0612017680e-03
  5.7200000000e+02   1.0602744218e-03
  5.7250000000e+02   1.0593497058e-03
  5.7300000000e+02   1.0584276104e-03
  5.7350000000e+02   1.0575081259e-03
  5.7400000000e+02   1.0565912427e-03
  5.7450000000e+02   1.0556769512e-03
  5.7500000000e+02   1.0547652419e-03
  5.7550000000e+02   1.0538561054e-03
  5.7600000000e+02   1.0529495323e-03
  5.7650000000e+02   1.0520455131e-03
  5.7700000000e+02   1.0511440387e-03
  5.7750000000e+02   1.0502450997e-03
  5.7800000000e+02   1.0493486869e-03
  5.7850000000e+02   1.0484547911e-03
  5.7900000000e+02   1.0475634033e-03
  5.7950000000e+02   1.0466745144e-03
  5.8000000000e+02   1.0457881153e-03
  5.8050000000e+02   1.0449041970e-03
  5.8100000000e+02   1.0440227507e-03
  5.8150000000e+02   1.0431437675e-03
  5.8200000000e+02   1.0422672385e-03
  5.8250000000e+02   1.0413931549e-03
  5.8300000000e+02   1.0405215080e-03
  5.8350000000e+02   1.0396522890e-03
  5.8400000000e+02   1.0387854894e-03
  5.8450000000e+02   1.0379211006e-03
  5.8500000000e+02   1.0370591138e-03
  5.8550000000e+02   1.0361995207e-03
  5.8600000000e+02   1.0353423128e-03
  5.8650000000e+02   1.0344874815e-03
  5.8700000000e+02   1.0336350186e-03
  5.8750000000e+02   1.0327849156e-03
  5.8800000000e+02   1.0319371643e-03
  5.8850000000e+02   1.0310917565e-03
  5.8900000000e+02   1.0302486837e-03
  5.8950000000e+02   1.0294079380e-03
  5.9000000000e+02   1.0285695111e-03
  5.9050000000e+02   1.0277333950e-03
  5.9100000000e+02   1.0268995815e-03
  5.9150000000e+02   1.0260680628e-03
  5.9200000000e+02   1.0252388307e-03
  5.9250000000e+02   1.0244118774e-03
  5.9300000000e+02   1.0235871950e-03
  5.9350000000e+02   1.0227647756e-03
  5.9400000000e+02   1.0219446114e-03
  5.9450000000e+02   1.0211266946e-03
  5.9500000000e+02   1.0203110175e-03
  5.9550000000e+02   1.0194975723e-03
  5.9600000000e+02   1.0186863515e-03
  5.9650000000e+02   1.0178773474e-03
  5.9700000000e+02   1.0170705524e-03
  5.9750000000e+02   1.0162659589e-03
  5.9800000000e+02   1.0154635595e-03
  5.9850000000e+02   1.0146633466e-03
  5.9900000000e+02   1.0138653130e-03
  5.9950000000e+02   1.0130694510e-03
  6.0000000000e+02   1.0122757534e-03
  6.0050000000e+02   1.0114842129e-03
  6.0100000000e+02   1.0106948221e-03
  6.0150000000e+02   1.0099075739e-03
  6.0200000000e+02   1.0091224609e-03
  6.0250000000e+02   1.0083394761e-03
  6.0300000000e+02   1.0075586122e-03
  6.0350000000e+02   1.0067798622e-03
  6.0400000000e+02   1.0060032189e-03
  6.0450000000e+02   1.0052286754e-03
  6.0500000000e+02   1.0044562246e-03
  6.0550000000e+02   1.0036858595e-03
  6.0600000000e+02   1.0029175733e-03
  6.0650000000e+02   1.0021513589e-03
  6.0700000000e+02   1.0013872096e-03
  6.0750000000e+02   1.0006251185e-03
  6.0800000000e+02   9.9986507874e-04
  6.0850000000e+02   9.9910708362e-04
  6.0900000000e+02   9.9835112637e-04
  6.0950000000e+02   9.9759720028e-04
  6.1000000000e+02   9.9684529869e-04
  6.1050000000e+02   9.9609541494e-04
  6.1100000000e+02   9.9534754244e-04
  6.1150000000e+02   9.9460167460e-04
  6.1200000000e+02   9.9385780486e-04
  6.1250000000e+02   9.9311592673e-04
  6.1300000000e+02   9.9237603370e-04
  6.1350000000e+02   9.9163811935e-04
  6.1400000000e+02   9.9090217723e-04
  6.1450000000e+02   9.9016820096e-04
  6.1500000000e+02   9.8943618418e-04
  6.1550000000e+02   9.8870612055e-04
  6.1600000000e+02   9.8797800378e-04
  6.1650000000e+02   9.8725182760e-04
  6.1700000000e+02   9.8652758576e-04
  6.1750000000e+02   9.8580527206e-04
  6.1800000000e+02   9.8508488031e-04
  6.1850000000e+02   9.8436640437e-04
  6.1900000000e+02   9.8364983810e-04
  6.1950000000e+02   9.8293517543e-04
  6.2000000000e+02   9.8222241027e-04
  6.2050000000e+02   9.8151153660e-04
  6.2100000000e+02   9.8080254841e-04
  6.2150000000e+02   9.8009543972e-04
  6.2200000000e+02   9.7939020458e-04
  6.2250000000e+02   9.7868683706e-04
  6.2300000000e+02   9.7798533127e-04
  6.2350000000e+02   9.7728568134e-04
  6.2400000000e+02   9.7658788144e-04
  6.2450000000e+02   9.7589192574e-04
  6.2500000000e+02   9.7519780847e-04
  6.2550000000e+02   9.7450552386e-04
  6.2600000000e+02   9.7381506619e-04
  6.2650000000e+02   9.7312642975e-04
  6.2700000000e+02   9.7243960885e-04
  6.2750000000e+02   9.7175459786e-04
  6.2800000000e+02   9.7107139114e-04
  6.2850000000e+02   9.7038998309e-04
  6.2900000000e+02   9.6971036814e-04
  6.2950000000e+02   9.6903254075e-04
  6.3000000000e+02   9.6835649538e-04
  6.3050000000e+02   9.6768222655e-04
  6.3100000000e+02   9.6700972878e-04
  6.3150000000e+02   9.6633899663e-04
  6.3200000000e+02   9.6567002467e-04
  6.3250000000e+02   9.6500280752e-04
  6.3300000000e+02   9.6433733980e-04
  6.3350000000e+02   9.6367361616e-04
  6.3400000000e+02   9.6301163128e-04
  6.3450000000e+02   9.6235137987e-04
  6.3500000000e+02   9.6169285665e-04
  6.3550000000e+02   9.6103605637e-04
  6.3600000000e+02   9.6038097381e-04
  6.3650000000e+02   9.5972760377e-04
  6.3700000000e+02   9.5907594107e-04
  6.3750000000e+02   9.5842598055e-04
  6.3800000000e+02   9.5777771709e-04
  6.3850000000e+02   9.5713114558e-04
  6.3900000000e+02   9.5648626094e-04
  6.3950000000e+02   9.5584305811e-04
  6.4000000000e+02   9.5520153203e-04
  6.4050000000e+02   9.5456167771e-04
  6.4100000000e+02   9.5392349016e-04
  6.4150000000e+02   9.5328696440e-04
  6.4200000000e+02   9.5265209548e-04
  6.4250000000e+02   9.5201887848e-04
  6.4300000000e+02   9.5138730851e-04
  6.4350000000e+02   9.5075738066e-04
  6.4400000000e+02   9.5012909010e-04
  6.4450000000e+02   9.4950243198e-04
  6.4500000000e+02   9.4887740148e-04
  6.4550000000e+02   9.4825399383e-04
  6.4600000000e+02   9.4763220423e-04
  6.4650000000e+02   9.4701202794e-04
  6.4700000000e+02   9.4639346024e-04
  6.4750000000e+02   9.4577649642e-04
  6.4800000000e+02   9.4516113178e-04
  6.4850000000e+02   9.4454736167e-04
  6.4900000000e+02   9.4393518143e-04
  6.4950000000e+02   9.4332458644e-04
  6.5000000000e+02   9.4271557210e-04
  6.5050000000e+02   9.4210813383e-04
  6.5100000000e+02   9.4150226706e-04
  6.5150000000e+02   9.4089796724e-04
  6.5200000000e+02   9.4029522987e-04
  6.5250000000e+02   9.3969405042e-04
  6.5300000000e+02   9.3909442443e-04
  6.5350000000e+02   9.3849634742e-04
  6.5400000000e+02   9.3789981496e-04
  6.5450000000e+02   9.3730482262e-04
  6.5500000000e+02   9.3671136599e-04
  6.5550000000e+02   9.3611944069e-04
  6.5600000000e+02   9.3552904237e-04
  6.5650000000e+02   9.3494016665e-04
  6.5700000000e+02   9.3435280923e-04
  6.5750000000e+02   9.3376696580e-04
  6.5800000000e+02   9.3318263205e-04
  6.5850000000e+02   9.3259980373e-04
  6.5900000000e+02   9.3201847659e-04
  6.5950000000e+02   9.3143864638e-04
  6.6000000000e+02   9.3086030889e-04
  6.6050000000e+02   9.3028345993e-04
  6.6100000000e+02   9.2970809531e-04
  6.6150000000e+02   9.2913421089e-04
  6.6200000000e+02   9.2856180251e-04
  6.6250000000e+02   9.2799086606e-04
  6.6300000000e+02   9.2742139742e-04
  6.6350000000e+02   9.2685339251e-04
  6.6400000000e+02   9.2628684726e-04
  6.6450000000e+02   9.2572175761e-04
  6.6500000000e+02   9.2515811953e-04
  6.6550000000e+02   9.2459592900e-04
  6.6600000000e+02   9.2403518203e-04
  6.6650000000e+02   9.2347587462e-04
  6.6700000000e+02   9.2291800282e-04
  6.6750000000e+02   9.2236156266e-04
  6.6800000000e+02   9.2180655023e-04
  6.6850000000e+02   9.2125296161e-04
  6.6900000000e+02   9.2070079289e-04
  6.6950000000e+02   9.2015004021e-04
  6.7000000000e+02   9.1960069968e-04
  6.7050000000e+02   9.1905276747e-04
  6.7100000000e+02   9.1850623973e-04
  6.7150000000e+02   9.1796111267e-04
  6.7200000000e+02   9.1741738247e-04
  6.7250000000e+02   9.1687504536e-04
  6.7300000000e+02   9.1633409756e-04
  6.7350000000e+02   9.1579453534e-04
  6.7400000000e+02   9.1525635494e-04
  6.7450000000e+02   9.1471955266e-04
  6.7500000000e+02   9.1418412480e-04
  6.7550000000e+02   9.1365006764e-04
  6.7600000000e+02   9.1311737756e-04
  6.7650000000e+02   9.1258605088e-04
  6.7700000000e+02   9.1205608393e-04
  6.7750000000e+02   9.1152747313e-04
  6.7800000000e+02   9.1100021485e-04
  6.7850000000e+02   9.1047430550e-04
  6.7900000000e+02   9.0994974149e-04
  6.7950000000e+02   9.0942651927e-04
  6.8000000000e+02   9.0890463529e-04
  6.8050000000e+02   9.0838408600e-04
  6.8100000000e+02   9.0786486791e-04
  6.8150000000e+02   9.0734697749e-04
  6.8200000000e+02   9.0683041126e-04
  6.8250000000e+02   9.0631516574e-04
  6.8300000000e+02   9.0580123748e-04
  6.8350000000e+02   9.0528862303e-04
  6.8400000000e+02   9.0477731895e-04
  6.8450000000e+02   9.0426732184e-04
  6.8500000000e+02   9.0375862828e-04
  6.8550000000e+02   9.0325123489e-04
  6.8600000000e+02   9.0274513830e-04
  6.8650000000e+02   9.0224033514e-04
  6.8700000000e+02   9.0173682207e-04
  6.8750000000e+02   9.0123459576e-04
  6.8800000000e+02   9.0073365289e-04
  6.8850000000e+02   9.0023399015e-04
  6.8900000000e+02   8.9973560426e-04
  6.8950000000e+02   8.9923849194e-04
  6.9000000000e+02   8.9874264992e-04
  6.9050000000e+02   8.9824807495e-04
  6.9100000000e+02   8.9775476380e-04
  6.9150000000e+02   8.9726271324e-04
  6.9200000000e+02   8.9677192008e-04
  6.9250000000e+02   8.9628238110e-04
  6.9300000000e+02   8.9579409313e-04
  6.9350000000e+02   8.9530705299e-04
  6.9400000000e+02   8.9482125754e-04
  6.9450000000e+02   8.9433670362e-04
  6.9500000000e+02   8.9385338811e-04
  6.9550000000e+02   8.9337130789e-04
  6.9600000000e+02   8.9289045983e-04
  6.9650000000e+02   8.9241084089e-04
  6.9700000000e+02   8.9193244796e-04
  6.9750000000e+02   8.9145527796e-04
  6.9800000000e+02   8.9097932786e-04
  6.9850000000e+02   8.9050459461e-04
  6.9900000000e+02   8.9003107518e-04
  6.9950000000e+02   8.8955876655e-04
  7.0000000000e+02   8.8908766572e-04
  7.0050000000e+02   8.8861776970e-04
  7.0100000000e+02   8.8814907551e-04
  7.0150000000e+02   8.8768158017e-04
  7.0200000000e+02   8.8721528074e-04
  7.0250000000e+02   8.8675017427e-04
  7.0300000000e+02   8.8628625784e-04
  7.0350000000e+02   8.8582352851e-04
  7.0400000000e+02   8.8536198338e-04
  7.0450000000e+02   8.8490161956e-04
  7.0500000000e+02   8.8444243417e-04
  7.0550000000e+02   8.8398442433e-04
  7.0600000000e+02   8.8352758718e-04
  7.0650000000e+02   8.8307191987e-04
  7.0700000000e+02   8.8261741956e-04
  7.0750000000e+02   8.8216408343e-04
  7.0800000000e+02   8.8171190867e-04
  7.0850000000e+02   8.8126089247e-04
  7.0900000000e+02   8.8081103204e-04
  7.0950000000e+02   8.8036232460e-04
  7.1000000000e+02   8.7991476738e-04
  7.1050000000e+02   8.7946835763e-04
  7.1100000000e+02   8.7902309259e-04
  7.1150000000e+02   8.7857896953e-04
  7.1200000000e+02   8.7813598573e-04
  7.1250000000e+02   8.7769413847e-04
  7.1300000000e+02   8.7725342505e-04
  7.1350000000e+02   8.7681384278e-04
  7.1400000000e+02   8.7637538898e-04
  7.1450000000e+02   8.7593806098e-04
  7.1500000000e+02   8.7550185611e-04
  7.1550000000e+02   8.7506677174e-04
  7.1600000000e+02   8.7463280522e-04
  7.1650000000e+02   8.7419995392e-04
  7.1700000000e+02   8.7376821523e-04
  7.1750000000e+02   8.7333758654e-04
  7.1800000000e+02   8.7290806525e-04
  7.1850000000e+02   8.7247964879e-04
  7.1900000000e+02   8.7205233457e-04
  7.1950000000e+02   8.7162612002e-04
  7.2000000000e+02   8.7120100261e-04
  7.2050000000e+02   8.7077697977e-04
  7.2100000000e+02   8.7035404898e-04
  7.2150000000e+02   8.6993220772e-04
  7.2200000000e+02   8.6951145346e-04
  7.2250000000e+02   8.6909178370e-04
  7.2300000000e+02   8.6867319595e-04
  7.2350000000e+02   8.6825568774e-04
  7.2400000000e+02   8.6783925657e-04
  7.2450000000e+02   8.6742389999e-04
  7.2500000000e+02   8.6700961554e-04
  7.2550000000e+02   8.6659640078e-04
  7.2600000000e+02   8.6618425326e-04
  7.2650000000e+02   8.6577317058e-04
  7.2700000000e+02   8.6536315032e-04
  7.2750000000e+02   8.6495419005e-04
  7.2800000000e+02   8.6454628740e-04
  7.2850000000e+02   8.6413943996e-04
  7.2900000000e+02   8.6373364537e-04
  7.2950000000e+02   8.6332890125e-04
  7.3000000000e+02   8.6292520525e-04
  7.3050000000e+02   8.6252255502e-04
  7.3100000000e+02   8.6212094822e-04
  7.3150000000e+02   8.6172038251e-04
  7.3200000000e+02   8.6132085556e-04
  7.3250000000e+02   8.6092236506e-04
  7.3300000000e+02   8.6052490875e-04
  7.3350000000e+02   8.6012848430e-04
  7.3400000000e+02   8.5973308941e-04
  7.3450000000e+02   8.5933872183e-04
  7.3500000000e+02   8.5894537928e-04
  7.3550000000e+02   8.5855305950e-04
  7.3600000000e+02   8.5816176025e-04
  7.3650000000e+02   8.5777147928e-04
  7.3700000000e+02   8.5738221437e-04
  7.3750000000e+02   8.5699396329e-04
  7.3800000000e+02   8.5660672382e-04
  7.3850000000e+02   8.5622049375e-04
  7.3900000000e+02   8.5583527090e-04
  7.3950000000e+02   8.5545105307e-04
  7.4000000000e+02   8.5506783809e-04
  7.4050000000e+02   8.5468562378e-04
  7.4100000000e+02   8.5430440797e-04
  7.4150000000e+02   8.5392418852e-04
  7.4200000000e+02   8.5354496328e-04
  7.4250000000e+02   8.5316673011e-04
  7.4300000000e+02   8.5278948688e-04
  7.4350000000e+02   8.5241323147e-04
  7.4400000000e+02   8.5203796177e-04
  7.4450000000e+02   8.5166367567e-04
  7.4500000000e+02   8.5129037109e-04
  7.4550000000e+02   8.5091804592e-04
  7.4600000000e+02   8.5054669810e-04
  7.4650000000e+02   8.5017632555e-04
  7.4700000000e+02   8.4980692620e-04
  7.4750000000e+02   8.4943849798e-04
  7.4800000000e+02   8.4907103887e-04
  7.4850000000e+02   8.4870454683e-04
  7.4900000000e+02   8.4833901982e-04
  7.4950000000e+02   8.4797445583e-04
  7.5000000000e+02   8.4761085282e-04
  7.5050000000e+02   8.4724820879e-04
  7.5100000000e+02   8.4688652175e-04
  7.5150000000e+02   8.4652578970e-04
  7.5200000000e+02   8.4616601068e-04
  7.5250000000e+02   8.4580718266e-04
  7.5300000000e+02   8.4544930369e-04
  7.5350000000e+02   8.4509237186e-04
  7.5400000000e+02   8.4473638515e-04
  7.5450000000e+02   8.4438134163e-04
  7.5500000000e+02   8.4402723940e-04
  7.5550000000e+02   8.4367407650e-04
  7.5600000000e+02   8.4332185099e-04
  7.5650000000e+02   8.4297056097e-04
  7.5700000000e+02   8.4262020452e-04
  7.5750000000e+02   8.4227077977e-04
  7.5800000000e+02   8.4192228480e-04
  7.5850000000e+02   8.4157471772e-04
  7.5900000000e+02   8.4122807667e-04
  7.5950000000e+02   8.4088235976e-04
  7.6000000000e+02   8.4053756513e-04
  7.6050000000e+02   8.4019369094e-04
  7.6100000000e+02   8.3985073531e-04
  7.6150000000e+02   8.3950869641e-04
  7.6200000000e+02   8.3916757241e-04
  7.6250000000e+02   8.3882736148e-04
  7.6300000000e+02   8.3848806179e-04
  7.6350000000e+02   8.3814967153e-04
  7.6400000000e+02   8.3781218889e-04
  7.6450000000e+02   8.3747561207e-04
  7.6500000000e+02   8.3713993928e-04
  7.6550000000e+02   8.3680516872e-04
  7.6600000000e+02   8.3647129863e-04
  7.6650000000e+02   8.3613832722e-04
  7.6700000000e+02   8.3580625273e-04
  7.6750000000e+02   8.3547507340e-04
  7.6800000000e+02   8.3514478748e-04
  7.6850000000e+02   8.3481539322e-04
  7.6900000000e+02   8.3448688888e-04
  7.6950000000e+02   8.3415927273e-04
  7.7000000000e+02   8.3383254304e-04
  7.7050000000e+02   8.3350669810e-04
  7.7100000000e+02   8.3318173619e-04
  7.7150000000e+02   8.3285765561e-04
  7.7200000000e+02   8.3253445465e-04
  7.7250000000e+02   8.3221213163e-04
  7.7300000000e+02   8.3189068485e-04
  7.7350000000e+02   8.3157011264e-04
  7.7400000000e+02   8.3125041332e-04
  7.7450000000e+02   8.3093158523e-04
  7.7500000000e+02   8.3061362671e-04
  7.7550000000e+02   8.3029653610e-04
  7.7600000000e+02   8.2998031176e-04
  7.7650000000e+02   8.2966495204e-04
  7.7700000000e+02   8.2935045531e-04
  7.7750000000e+02   8.2903681993e-04
  7.7800000000e+02   8.2872404430e-04
  7.7850000000e+02   8.2841212679e-04
  7.7900000000e+02   8.2810106578e-04
  7.7950000000e+02   8.2779085969e-04
  7.8000000000e+02   8.2748150691e-04
  7.8050000000e+02   8.2717300584e-04
  7.8100000000e+02   8.2686535491e-04
  7.8150000000e+02   8.2655855253e-04
  7.8200000000e+02   8.2625259714e-04
  7.8250000000e+02   8.2594748715e-04
  7.8300000000e+02   8.2564322102e-04
  7.8350000000e+02   8.2533979719e-04
  7.8400000000e+02   8.2503721411e-04
  7.8450000000e+02   8.2473547023e-04
  7.8500000000e+02   8.2443456402e-04
  7.8550000000e+02   8.2413449395e-04
  7.8600000000e+02   8.2383525850e-04
  7.8650000000e+02   8.2353685613e-04
  7.8700000000e+02   8.2323928534e-04
  7.8750000000e+02   8.2294254464e-04
  7.8800000000e+02   8.2264663249e-04
  7.8850000000e+02   8.2235154742e-04
  7.8900000000e+02   8.2205728793e-04
  7.8950000000e+02   8.2176385255e-04
  7.9000000000e+02   8.2147123978e-04
  7.9050000000e+02   8.2117944816e-04
  7.9100000000e+02   8.2088847622e-04
  7.9150000000e+02   8.2059832249e-04
  7.9200000000e+02   8.2030898553e-04
  7.9250000000e+02   8.2002046388e-04
  7.9300000000e+02   8.1973275609e-04
  7.9350000000e+02   8.1944586073e-04
  7.9400000000e+02   8.1915977637e-04
  7.9450000000e+02   8.1887450156e-04
  7.9500000000e+02   8.1859003490e-04
  7.9550000000e+02   8.1830637496e-04
  7.9600000000e+02   8.1802352034e-04
  7.9650000000e+02   8.1774146961e-04
  7.9700000000e+02   8.1746022140e-04
  7.9750000000e+02   8.1717977429e-04
  7.9800000000e+02   8.1690012690e-04
  7.9850000000e+02   8.1662127784e-04
  7.9900000000e+02   8.1634322575e-04
  7.9950000000e+02   8.1606596922e-04
  8.0000000000e+02   8.1578950692e-04
  8.0050000000e+02   8.1551383746e-04
  8.0100000000e+02   8.1523895949e-04
  8.0150000000e+02   8.1496487165e-04
  8.0200000000e+02   8.1469157261e-04
  8.0250000000e+02   8.1441906101e-04
  8.0300000000e+02   8.1414733552e-04
  8.0350000000e+02   8.1387639481e-04
  8.0400000000e+02   8.1360623754e-04
  8.0450000000e+02   8.1333686241e-04
  8.0500000000e+02   8.1306826809e-04
  8.0550000000e+02   8.1280045326e-04
  8.0600000000e+02   8.1253341663e-04
  8.0650000000e+02   8.1226715689e-04
  8.0700000000e+02   8.1200167275e-04
  8.0750000000e+02   8.1173696291e-04
  8.0800000000e+02   8.1147302609e-04
  8.0850000000e+02   8.1120986100e-04
  8.0900000000e+02   8.1094746637e-04
  8.0950000000e+02   8.1068584093e-04
  8.1000000000e+02   8.1042498341e-04
  8.1050000000e+02   8.1016489255e-04
  8.1100000000e+02   8.0990556709e-04
  8.1150000000e+02   8.0964700579e-04
  8.1200000000e+02   8.0938920738e-04
  8.1250000000e+02   8.0913217065e-04
  8.1300000000e+02   8.0887589433e-04
  8.1350000000e+02   8.0862037721e-04
  8.1400000000e+02   8.0836561805e-04
  8.1450000000e+02   8.0811161564e-04
  8.1500000000e+02   8.0785836875e-04
  8.1550000000e+02   8.0760587617e-04
  8.1600000000e+02   8.0735413669e-04
  8.1650000000e+02   8.0710314911e-04
  8.1700000000e+02   8.0685291223e-04
  8.1750000000e+02   8.0660342485e-04
  8.1800000000e+02   8.0635468579e-04
  8.1850000000e+02   8.0610669386e-04
  8.1900000000e+02   8.0585944787e-04
  8.1950000000e+02   8.0561294666e-04
  8.2000000000e+02   8.0536718905e-04
  8.2050000000e+02   8.0512217388e-04
  8.2100000000e+02   8.0487789998e-04
  8.2150000000e+02   8.0463436620e-04
  8.2200000000e+02   8.0439157137e-04
  8.2250000000e+02   8.0414951437e-04
  8.2300000000e+02   8.0390819403e-04
  8.2350000000e+02   8.0366760922e-04
  8.2400000000e+02   8.0342775881e-04
  8.2450000000e+02   8.0318864167e-04
  8.2500000000e+02   8.0295025666e-04
  8.2550000000e+02   8.0271260268e-04
  8.2600000000e+02   8.0247567859e-04
  8.2650000000e+02   8.0223948329e-04
  8.2700000000e+02   8.0200401567e-04
  8.2750000000e+02   8.0176927462e-04
  8.2800000000e+02   8.0153525906e-04
  8.2850000000e+02   8.0130196788e-04
  8.2900000000e+02   8.0106939997e-04
  8.2950000000e+02   8.0083755428e-04
  8.3000000000e+02   8.0060642970e-04
  8.3050000000e+02   8.0037602517e-04
  8.3100000000e+02   8.0014633961e-04
  8.3150000000e+02   7.9991737195e-04
  8.3200000000e+02   7.9968912112e-04
  8.3250000000e+02   7.9946158606e-04
  8.3300000000e+02   7.9923476573e-04
  8.3350000000e+02   7.9900865905e-04
  8.3400000000e+02   7.9878326499e-04
  8.3450000000e+02   7.9855858251e-04
  8.3500000000e+02   7.9833461055e-04
  8.3550000000e+02   7.9811134809e-04
  8.3600000000e+02   7.9788879410e-04
  8.3650000000e+02   7.9766694754e-04
  8.3700000000e+02   7.9744580739e-04
  8.3750000000e+02   7.9722537264e-04
  8.3800000000e+02   7.9700564227e-04
  8.3850000000e+02   7.9678661526e-04
  8.3900000000e+02   7.9656829061e-04
  8.3950000000e+02   7.9635066733e-04
  8.4000000000e+02   7.9613374439e-04
  8.4050000000e+02   7.9591752083e-04
  8.4100000000e+02   7.9570199563e-04
  8.4150000000e+02   7.9548716782e-04
  8.4200000000e+02   7.9527303641e-04
  8.4250000000e+02   7.9505960043e-04
  8.4300000000e+02   7.9484685889e-04
  8.4350000000e+02   7.9463481083e-04
  8.4400000000e+02   7.9442345528e-04
  8.4450000000e+02   7.9421279127e-04
  8.4500000000e+02   7.9400281785e-04
  8.4550000000e+02   7.9379353407e-04
  8.4600000000e+02   7.9358493896e-04
  8.4650000000e+02   7.9337703159e-04
  8.4700000000e+02   7.9316981101e-04
  8.4750000000e+02   7.9296327627e-04
  8.4800000000e+02   7.9275742644e-04
  8.4850000000e+02   7.9255226060e-04
  8.4900000000e+02   7.9234777781e-04
  8.4950000000e+02   7.9214397714e-04
  8.5000000000e+02   7.9194085768e-04
  8.5050000000e+02   7.9173841851e-04
  8.5100000000e+02   7.9153665871e-04
  8.5150000000e+02   7.9133557738e-04
  8.5200000000e+02   7.9113517361e-04
  8.5250000000e+02   7.9093544650e-04
  8.5300000000e+02   7.9073639515e-04
  8.5350000000e+02   7.9053801866e-04
  8.5400000000e+02   7.9034031614e-04
  8.5450000000e+02   7.9014328672e-04
  8.5500000000e+02   7.8994692949e-04
  8.5550000000e+02   7.8975124359e-04
  8.5600000000e+02   7.8955622814e-04
  8.5650000000e+02   7.8936188226e-04
  8.5700000000e+02   7.8916820508e-04
  8.5750000000e+02   7.8897519575e-04
  8.5800000000e+02   7.8878285339e-04
  8.5850000000e+02   7.8859117715e-04
  8.5900000000e+02   7.8840016618e-04
  8.5950000000e+02   7.8820981962e-04
  8.6000000000e+02   7.8802013663e-04
  8.6050000000e+02   7.8783111636e-04
  8.6100000000e+02   7.8764275798e-04
  8.6150000000e+02   7.8745506064e-04
  8.6200000000e+02   7.8726802352e-04
  8.6250000000e+02   7.8708164577e-04
  8.6300000000e+02   7.8689592659e-04
  8.6350000000e+02   7.8671086514e-04
  8.6400000000e+02   7.8652646061e-04
  8.6450000000e+02   7.8634271216e-04
  8.6500000000e+02   7.8615961902e-04
  8.6550000000e+02   7.8597718034e-04
  8.6600000000e+02   7.8579539535e-04
  8.6650000000e+02   7.8561426322e-04
  8.6700000000e+02   7.8543378317e-04
  8.6750000000e+02   7.8525395439e-04
  8.6800000000e+02   7.8507477610e-04
  8.6850000000e+02   7.8489624751e-04
  8.6900000000e+02   7.8471836783e-04
  8.6950000000e+02   7.8454113628e-04
  8.7000000000e+02   7.8436455209e-04
  8.7050000000e+02   7.8418861447e-04
  8.7100000000e+02   7.8401332267e-04
  8.7150000000e+02   7.8383867590e-04
  8.7200000000e+02   7.8366467340e-04
  8.7250000000e+02   7.8349131442e-04
  8.7300000000e+02   7.8331859820e-04
  8.7350000000e+02   7.8314652398e-04
  8.7400000000e+02   7.8297509100e-04
  8.7450000000e+02   7.8280429853e-04
  8.7500000000e+02   7.8263414581e-04
  8.7550000000e+02   7.8246463211e-04
  8.7600000000e+02   7.8229575668e-04
  8.7650000000e+02   7.8212751880e-04
  8.7700000000e+02   7.8195991772e-04
  8.7750000000e+02   7.8179295273e-04
  8.7800000000e+02   7.8162662309e-04
  8.7850000000e+02   7.8146092808e-04
  8.7900000000e+02   7.8129586699e-04
  8.7950000000e+02   7.8113143910e-04
  8.8000000000e+02   7.8096764370e-04
  8.8050000000e+02   7.8080448007e-04
  8.8100000000e+02   7.8064194752e-04
  8.8150000000e+02   7.8048004533e-04
  8.8200000000e+02   7.8031877281e-04
  8.8250000000e+02   7.8015812926e-04
  8.8300000000e+02   7.7999811399e-04
  8.8350000000e+02   7.7983872630e-04
  8.8400000000e+02   7.7967996553e-04
  8.8450000000e+02   7.7952183096e-04
  8.8500000000e+02   7.7936432193e-04
  8.8550000000e+02   7.7920743776e-04
  8.8600000000e+02   7.7905117777e-04
  8.8650000000e+02   7.7889554129e-04
  8.8700000000e+02   7.7874052765e-04
  8.8750000000e+02   7.7858613619e-04
  8.8800000000e+02   7.7843236624e-04
  8.8850000000e+02   7.7827921715e-04
  8.8900000000e+02   7.7812668826e-04
  8.8950000000e+02   7.7797477891e-04
  8.9000000000e+02   7.7782348846e-04
  8.9050000000e+02   7.7767281626e-04
  8.9100000000e+02   7.7752276165e-04
  8.9150000000e+02   7.7737332401e-04
  8.9200000000e+02   7.7722450269e-04
  8.9250000000e+02   7.7707629707e-04
  8.9300000000e+02   7.7692870651e-04
  8.9350000000e+02   7.7678173036e-04
  8.9400000000e+02   7.7663536801e-04
  8.9450000000e+02   7.7648961886e-04
  8.9500000000e+02   7.7634448224e-04
  8.9550000000e+02   7.7619995756e-04
  8.9600000000e+02   7.7605604422e-04
  8.9650000000e+02   7.7591274159e-04
  8.9700000000e+02   7.7577004907e-04
  8.9750000000e+02   7.7562796604e-04
  8.9800000000e+02   7.7548649191e-04
  8.9850000000e+02   7.7534562607e-04
  8.9900000000e+02   7.7520536794e-04
  8.9950000000e+02   7.7506571692e-04
  9.0000000000e+02   7.7492667240e-04
  9.0050000000e+02   7.7478823381e-04
  9.0100000000e+02   7.7465040057e-04
  9.0150000000e+02   7.7451317209e-04
  9.0200000000e+02   7.7437654778e-04
  9.0250000000e+02   7.7424052707e-04
  9.0300000000e+02   7.7410510939e-04
  9.0350000000e+02   7.7397029418e-04
  9.0400000000e+02   7.7383608084e-04
  9.0450000000e+02   7.7370246883e-04
  9.0500000000e+02   7.7356945759e-04
  9.0550000000e+02   7.7343704654e-04
  9.0600000000e+02   7.7330523514e-04
  9.0650000000e+02   7.7317402283e-04
  9.0700000000e+02   7.7304340906e-04
  9.0750000000e+02   7.7291339327e-04
  9.0800000000e+02   7.7278397493e-04
  9.0850000000e+02   7.7265515349e-04
  9.0900000000e+02   7.7252692842e-04
  9.0950000000e+02   7.7239929916e-04
  9.1000000000e+02   7.7227226520e-04
  9.1050000000e+02   7.7214582599e-04
  9.1100000000e+02   7.7201998101e-04
  9.1150000000e+02   7.7189472973e-04
  9.1200000000e+02   7.7177007163e-04
  9.1250000000e+02   7.7164600619e-04
  9.1300000000e+02   7.7152253288e-04
  9.1350000000e+02   7.7139965120e-04
  9.1400000000e+02   7.7127736063e-04
  9.1450000000e+02   7.7115566066e-04
  9.1500000000e+02   7.7103455078e-04
  9.1550000000e+02   7.7091403049e-04
  9.1600000000e+02   7.7079409928e-04
  9.1650000000e+02   7.7067475666e-04
  9.1700000000e+02   7.7055600213e-04
  9.1750000000e+02   7.7043783520e-04
  9.1800000000e+02   7.7032025538e-04
  9.1850000000e+02   7.7020326215e-04
  9.1900000000e+02   7.7008685509e-04
  9.1950000000e+02   7.6997103361e-04
  9.2000000000e+02   7.6985579737e-04
  9.2050000000e+02   7.6974114585e-04
  9.2100000000e+02   7.6962707845e-04
  9.2150000000e+02   7.6951359483e-04
  9.2200000000e+02   7.6940069447e-04
  9.2250000000e+02   7.6928837692e-04
  9.2300000000e+02   7.6917664171e-04
  9.2350000000e+02   7.6906548837e-04
  9.2400000000e+02   7.6895491645e-04
  9.2450000000e+02   7.6884492548e-04
  9.2500000000e+02   7.6873551503e-04
  9.2550000000e+02   7.6862668462e-04
  9.2600000000e+02   7.6851843382e-04
  9.2650000000e+02   7.6841076218e-04
  9.2700000000e+02   7.6830366924e-04
  9.2750000000e+02   7.6819715459e-04
  9.2800000000e+02   7.6809121775e-04
  9.2850000000e+02   7.6798585832e-04
  9.2900000000e+02   7.6788107585e-04
  9.2950000000e+02   7.6777686991e-04
  9.3000000000e+02   7.6767324007e-04
  9.3050000000e+02   7.6757018591e-04
  9.3100000000e+02   7.6746770700e-04
  9.3150000000e+02   7.6736580292e-04
  9.3200000000e+02   7.6726447326e-04
  9.3250000000e+02   7.6716371759e-04
  9.3300000000e+02   7.6706353550e-04
  9.3350000000e+02   7.6696392659e-04
  9.3400000000e+02   7.6686489044e-04
  9.3450000000e+02   7.6676642664e-04
  9.3500000000e+02   7.6666853481e-04
  9.3550000000e+02   7.6657121451e-04
  9.3600000000e+02   7.6647446539e-04
  9.3650000000e+02   7.6637828701e-04
  9.3700000000e+02   7.6628267900e-04
  9.3750000000e+02   7.6618764096e-04
  9.3800000000e+02   7.6609317251e-04
  9.3850000000e+02   7.6599927326e-04
  9.3900000000e+02   7.6590594282e-04
  9.3950000000e+02   7.6581318083e-04
  9.4000000000e+02   7.6572098686e-04
  9.4050000000e+02   7.6562936057e-04
  9.4100000000e+02   7.6553830165e-04
  9.4150000000e+02   7.6544780960e-04
  9.4200000000e+02   7.6535788415e-04
  9.4250000000e+02   7.6526852488e-04
  9.4300000000e+02   7.6517973146e-04
  9.4350000000e+02   7.6509150349e-04
  9.4400000000e+02   7.6500384065e-04
  9.4450000000e+02   7.6491674257e-04
  9.4500000000e+02   7.6483020888e-04
  9.4550000000e+02   7.6474423925e-04
  9.4600000000e+02   7.6465883332e-04
  9.4650000000e+02   7.6457399075e-04
  9.4700000000e+02   7.6448971118e-04
  9.4750000000e+02   7.6440599428e-04
  9.4800000000e+02   7.6432283970e-04
  9.4850000000e+02   7.6424024712e-04
  9.4900000000e+02   7.6415821619e-04
  9.4950000000e+02   7.6407674659e-04
  9.5000000000e+02   7.6399583797e-04
  9.5050000000e+02   7.6391549002e-04
  9.5100000000e+02   7.6383570241e-04
  9.5150000000e+02   7.6375647481e-04
  9.5200000000e+02   7.6367780691e-04
  9.5250000000e+02   7.6359969838e-04
  9.5300000000e+02   7.6352214891e-04
  9.5350000000e+02   7.6344515819e-04
  9.5400000000e+02   7.6336872590e-04
  9.5450000000e+02   7.6329285174e-04
  9.5500000000e+02   7.6321753540e-04
  9.5550000000e+02   7.6314277657e-04
  9.5600000000e+02   7.6306857495e-04
  9.5650000000e+02   7.6299493024e-04
  9.5700000000e+02   7.6292184215e-04
  9.5750000000e+02   7.6284931038e-04
  9.5800000000e+02   7.6277733464e-04
  9.5850000000e+02   7.6270591463e-04
  9.5900000000e+02   7.6263505008e-04
  9.5950000000e+02   7.6256474069e-04
  9.6000000000e+02   7.6249498617e-04
  9.6050000000e+02   7.6242578626e-04
  9.6100000000e+02   7.6235714067e-04
  9.6150000000e+02   7.6228904912e-04
  9.6200000000e+02   7.6222151134e-04
  9.6250000000e+02   7.6215452706e-04
  9.6300000000e+02   7.6208809600e-04
  9.6350000000e+02   7.6202221791e-04
  9.6400000000e+02   7.6195689251e-04
  9.6450000000e+02   7.6189211955e-04
  9.6500000000e+02   7.6182789876e-04
  9.6550000000e+02   7.6176422989e-04
  9.6600000000e+02   7.6170111267e-04
  9.6650000000e+02   7.6163854686e-04
  9.6700000000e+02   7.6157653220e-04
  9.6750000000e+02   7.6151506845e-04
  9.6800000000e+02   7.6145415536e-04
  9.6850000000e+02   7.6139379268e-04
  9.6900000000e+02   7.6133398017e-04
  9.6950000000e+02   7.6127471760e-04
  9.7000000000e+02   7.6121600472e-04
  9.7050000000e+02   7.6115784130e-04
  9.7100000000e+02   7.6110022711e-04
  9.7150000000e+02   7.6104316191e-04
  9.7200000000e+02   7.6098664548e-04
  9.7250000000e+02   7.6093067758e-04
  9.7300000000e+02   7.6087525801e-04
  9.7350000000e+02   7.6082038653e-04
  9.7400000000e+02   7.6076606292e-04
  9.7450000000e+02   7.6071228697e-04
  9.7500000000e+02   7.6065905846e-04
  9.7550000000e+02   7.6060637718e-04
  9.7600000000e+02   7.6055424292e-04
  9.7650000000e+02   7.6050265547e-04
  9.7700000000e+02   7.6045161462e-04
  9.7750000000e+02   7.6040112017e-04
  9.7800000000e+02   7.6035117193e-04
  9.7850000000e+02   7.6030176967e-04
  9.7900000000e+02   7.6025291322e-04
  9.7950000000e+02   7.6020460238e-04
  9.8000000000e+02   7.6015683695e-04
  9.8050000000e+02   7.6010961674e-04
  9.8100000000e+02   7.6006294156e-04
  9.8150000000e+02   7.6001681123e-04
  9.8200000000e+02   7.5997122557e-04
  9.8250000000e+02   7.5992618438e-04
  9.8300000000e+02   7.5988168750e-04
  9.8350000000e+02   7.5983773475e-04
  9.8400000000e+02   7.5979432594e-04
  9.8450000000e+02   7.5975146091e-04
  9.8500000000e+02   7.5970913948e-04
  9.8550000000e+02   7.5966736150e-04
  9.8600000000e+02   7.5962612678e-04
  9.8650000000e+02   7.5958543517e-04
  9.8700000000e+02   7.5954528650e-04
  9.8750000000e+02   7.5950568061e-04
  9.8800000000e+02   7.5946661736e-04
  9.8850000000e+02   7.5942809657e-04
  9.8900000000e+02   7.5939011810e-04
  9.8950000000e+02   7.5935268180e-04
  9.9000000000e+02   7.5931578751e-04
  9.9050000000e+02   7.5927943510e-04
  9.9100000000e+02   7.5924362441e-04
  9.9150000000e+02   7.5920835530e-04
  9.9200000000e+02   7.5917362764e-04
  9.9250000000e+02   7.5913944128e-04
  9.9300000000e+02   7.5910579610e-04
  9.9350000000e+02   7.5907269194e-04
  9.9400000000e+02   7.5904012869e-04
  9.9450000000e+02   7.5900810622e-04
  9.9500000000e+02   7.5897662440e-04
  9.9550000000e+02   7.5894568309e-04
  9.9600000000e+02   7.5891528218e-04
  9.9650000000e+02   7.5888542156e-04
  9.9700000000e+02   7.5885610109e-04
  9.9750000000e+02   7.5882732067e-04
  9.9800000000e+02   7.5879908018e-04
  9.9850000000e+02   7.5877137950e-04
  9.9900000000e+02   7.5874421853e-04
  9.9950000000e+02   7.5871759716e-04
  1.0000000000e+03   7.5869151528e-04
  1.0005000000e+03   7.5866597279e-04
  1.0010000000e+03   7.5864096959e-04
  1.0015000000e+03   7.5861650558e-04
  1.0020000000e+03   7.5859258067e-04
  1.0025000000e+03   7.5856919475e-04
  1.0030000000e+03   7.5854634773e-04
  1.0035000000e+03   7.5852403953e-04
  1.0040000000e+03   7.5850227006e-04
  1.0045000000e+03   7.5848103922e-04
  1.0050000000e+03   7.5846034694e-04
  1.0055000000e+03   7.5844019313e-04
  1.0060000000e+03   7.5842057772e-04
  1.0065000000e+03   7.5840150062e-04
  1.0070000000e+03   7.5838296176e-04
  1.0075000000e+03   7.5836496107e-04
  1.0080000000e+03   7.5834749847e-04
  1.0085000000e+03   7.5833057389e-04
  1.0090000000e+03   7.5831418728e-04
  1.0095000000e+03   7.5829833856e-04
  1.0100000000e+03   7.5828302767e-04
  1.0105000000e+03   7.5826825455e-04
  1.0110000000e+03   7.5825401915e-04
  1.0115000000e+03   7.5824032139e-04
  1.0120000000e+03   7.5822716124e-04
  1.0125000000e+03   7.5821453864e-04
  1.0130000000e+03   7.5820245354e-04
  1.0135000000e+03   7.5819090589e-04
  1.0140000000e+03   7.5817989563e-04
  1.0145000000e+03   7.5816942275e-04
  1.0150000000e+03   7.5815948719e-04
  1.0155000000e+03   7.5815008890e-04
  1.0160000000e+03   7.5814122786e-04
  1.0165000000e+03   7.5813290403e-04
  1.0170000000e+03   7.5812511737e-04
  1.0175000000e+03   7.5811786786e-04
  1.0180000000e+03   7.5811115546e-04
  1.0185000000e+03   7.5810498016e-04
  1.0190000000e+03   7.5809934191e-04
  1.0195000000e+03   7.5809424072e-04
  1.0200000000e+03   7.5808967654e-04
  1.0205000000e+03   7.5808564937e-04
  1.0210000000e+03   7.5808215919e-04
  1.0215000000e+03   7.5807920598e-04
  1.0220000000e+03   7.5807678973e-04
  1.0225000000e+03   7.5807491044e-04
  1.0230000000e+03   7.5807356809e-04
  1.0235000000e+03   7.5807276269e-04
  1.0240000000e+03   7.5807249422e-04
